Frequencies: 22.806, 22.738, 22.758, 22.806, 22.759, 22.784, 22.763, 22.759, 22.754, 22.751 -- 22.767
Frequencies: 22.806, 22.738, 22.758, 22.806, 22.755, 22.784, 22.763, 22.759, 22.754, 22.751 -- 22.767
Frequencies: 22.806, 22.738, 22.758, 22.806, 22.755, 22.773, 22.763, 22.759, 22.754, 22.751 -- 22.766
Frequencies: 22.806, 22.738, 22.758, 22.806, 22.755, 22.773, 22.770, 22.759, 22.754, 22.751 -- 22.767
Magnet Detections Per Second: 23
Frequencies: 22.806, 22.738, 22.758, 22.806, 22.755, 22.773, 22.770, 22.766, 22.754, 22.751 -- 22.767
Frequencies: 22.806, 22.738, 22.758, 22.806, 22.755, 22.773, 22.770, 22.766, 22.791, 22.751 -- 22.771
Frequencies: 22.806, 22.738, 22.758, 22.806, 22.755, 22.773, 22.770, 22.766, 22.791, 22.758 -- 22.772
Frequencies: 22.790, 22.738, 22.758, 22.806, 22.755, 22.773, 22.770, 22.766, 22.791, 22.758 -- 22.770
Frequencies: 22.790, 22.787, 22.758, 22.806, 22.755, 22.773, 22.770, 22.766, 22.791, 22.758 -- 22.775
Frequencies: 22.790, 22.787, 22.754, 22.806, 22.755, 22.773, 22.770, 22.766, 22.791, 22.758 -- 22.775
Frequencies: 22.790, 22.787, 22.754, 22.767, 22.755, 22.773, 22.770, 22.766, 22.791, 22.758 -- 22.771
Frequencies: 22.790, 22.787, 22.754, 22.767, 22.748, 22.773, 22.770, 22.766, 22.791, 22.758 -- 22.770
Frequencies: 22.790, 22.787, 22.754, 22.767, 22.748, 22.842, 22.770, 22.766, 22.791, 22.758 -- 22.777
Frequencies: 22.790, 22.787, 22.754, 22.767, 22.748, 22.842, 22.819, 22.766, 22.791, 22.758 -- 22.782
Frequencies: 22.790, 22.787, 22.754, 22.767, 22.748, 22.842, 22.819, 22.761, 22.791, 22.758 -- 22.781
Frequencies: 22.790, 22.787, 22.754, 22.767, 22.748, 22.842, 22.819, 22.761, 22.753, 22.758 -- 22.777
Frequencies: 22.790, 22.787, 22.754, 22.767, 22.748, 22.842, 22.819, 22.761, 22.753, 22.863 -- 22.788
Frequencies: 23.136, 22.787, 22.754, 22.767, 22.748, 22.842, 22.819, 22.761, 22.753, 22.863 -- 22.823
Frequencies: 23.136, 23.259, 22.754, 22.767, 22.748, 22.842, 22.819, 22.761, 22.753, 22.863 -- 22.870
Frequencies: 23.136, 23.259, 23.239, 22.767, 22.748, 22.842, 22.819, 22.761, 22.753, 22.863 -- 22.918
Frequencies: 23.136, 23.259, 23.239, 23.291, 22.748, 22.842, 22.819, 22.761, 22.753, 22.863 -- 22.971
Frequencies: 23.136, 23.259, 23.239, 23.291, 23.370, 22.842, 22.819, 22.761, 22.753, 22.863 -- 23.033
Frequencies: 23.136, 23.259, 23.239, 23.291, 23.370, 23.321, 22.819, 22.761, 22.753, 22.863 -- 23.081
Frequencies: 23.136, 23.259, 23.239, 23.291, 23.370, 23.321, 23.292, 22.761, 22.753, 22.863 -- 23.128
Frequencies: 23.136, 23.259, 23.239, 23.291, 23.370, 23.321, 23.292, 23.320, 22.753, 22.863 -- 23.184
Frequencies: 23.136, 23.259, 23.239, 23.291, 23.370, 23.321, 23.292, 23.320, 23.323, 22.863 -- 23.241
Frequencies: 23.136, 23.259, 23.239, 23.291, 23.370, 23.321, 23.292, 23.320, 23.323, 23.292 -- 23.284
Magnet Detections Per Second: 23
Frequencies: 23.329, 23.259, 23.239, 23.291, 23.370, 23.321, 23.292, 23.320, 23.323, 23.292 -- 23.303
Frequencies: 23.329, 23.351, 23.239, 23.291, 23.370, 23.321, 23.292, 23.320, 23.323, 23.292 -- 23.312
Frequencies: 23.329, 23.351, 23.321, 23.291, 23.370, 23.321, 23.292, 23.320, 23.323, 23.292 -- 23.321
Frequencies: 23.329, 23.351, 23.321, 23.334, 23.370, 23.321, 23.292, 23.320, 23.323, 23.292 -- 23.325
Frequencies: 23.329, 23.351, 23.321, 23.334, 23.367, 23.321, 23.292, 23.320, 23.323, 23.292 -- 23.325
Frequencies: 23.329, 23.351, 23.321, 23.334, 23.367, 23.373, 23.292, 23.320, 23.323, 23.292 -- 23.330
Frequencies: 23.329, 23.351, 23.321, 23.334, 23.367, 23.373, 23.307, 23.320, 23.323, 23.292 -- 23.331
Frequencies: 23.329, 23.351, 23.321, 23.334, 23.367, 23.373, 23.307, 23.302, 23.323, 23.292 -- 23.329
Frequencies: 23.329, 23.351, 23.321, 23.334, 23.367, 23.373, 23.307, 23.302, 23.361, 23.292 -- 23.333
Frequencies: 23.329, 23.351, 23.321, 23.334, 23.367, 23.373, 23.307, 23.302, 23.361, 23.321 -- 23.336
Frequencies: 23.304, 23.351, 23.321, 23.334, 23.367, 23.373, 23.307, 23.302, 23.361, 23.321 -- 23.334
Frequencies: 23.304, 23.310, 23.321, 23.334, 23.367, 23.373, 23.307, 23.302, 23.361, 23.321 -- 23.330
Frequencies: 23.304, 23.310, 23.344, 23.334, 23.367, 23.373, 23.307, 23.302, 23.361, 23.321 -- 23.332
Frequencies: 23.304, 23.310, 23.344, 23.316, 23.367, 23.373, 23.307, 23.302, 23.361, 23.321 -- 23.330
Frequencies: 23.304, 23.310, 23.344, 23.316, 23.314, 23.373, 23.307, 23.302, 23.361, 23.321 -- 23.325
Frequencies: 23.304, 23.310, 23.344, 23.316, 23.314, 23.333, 23.307, 23.302, 23.361, 23.321 -- 23.321
Frequencies: 23.304, 23.310, 23.344, 23.316, 23.314, 23.333, 23.163, 23.302, 23.361, 23.321 -- 23.306
Frequencies: 23.304, 23.310, 23.344, 23.316, 23.314, 23.333, 23.163, 23.333, 23.361, 23.321 -- 23.309
Frequencies: 23.304, 23.310, 23.344, 23.316, 23.314, 23.333, 23.163, 23.333, 23.835, 23.321 -- 23.357
Frequencies: 23.304, 23.310, 23.344, 23.316, 23.314, 23.333, 23.163, 23.333, 23.835, 23.888 -- 23.414
Frequencies: 23.926, 23.310, 23.344, 23.316, 23.314, 23.333, 23.163, 23.333, 23.835, 23.888 -- 23.476
Frequencies: 23.926, 23.911, 23.344, 23.316, 23.314, 23.333, 23.163, 23.333, 23.835, 23.888 -- 23.536
Frequencies: 23.926, 23.911, 23.936, 23.316, 23.314, 23.333, 23.163, 23.333, 23.835, 23.888 -- 23.595
Magnet Detections Per Second: 23
Frequencies: 23.926, 23.911, 23.936, 23.943, 23.314, 23.333, 23.163, 23.333, 23.835, 23.888 -- 23.658
Frequencies: 23.926, 23.911, 23.936, 23.943, 23.934, 23.333, 23.163, 23.333, 23.835, 23.888 -- 23.720
Frequencies: 23.926, 23.911, 23.936, 23.943, 23.934, 23.934, 23.163, 23.333, 23.835, 23.888 -- 23.780
Frequencies: 23.926, 23.911, 23.936, 23.943, 23.934, 23.934, 23.940, 23.333, 23.835, 23.888 -- 23.858
Frequencies: 23.926, 23.911, 23.936, 23.943, 23.934, 23.934, 23.940, 23.924, 23.835, 23.888 -- 23.917
Frequencies: 23.926, 23.911, 23.936, 23.943, 23.934, 23.934, 23.940, 23.924, 23.925, 23.888 -- 23.926
Frequencies: 23.926, 23.911, 23.936, 23.943, 23.934, 23.934, 23.940, 23.924, 23.925, 23.946 -- 23.931
Frequencies: 23.925, 23.911, 23.936, 23.943, 23.934, 23.934, 23.940, 23.924, 23.925, 23.946 -- 23.931
Frequencies: 23.925, 23.942, 23.936, 23.943, 23.934, 23.934, 23.940, 23.924, 23.925, 23.946 -- 23.934
Frequencies: 23.925, 23.942, 23.909, 23.943, 23.934, 23.934, 23.940, 23.924, 23.925, 23.946 -- 23.932
Frequencies: 23.925, 23.942, 23.909, 23.910, 23.934, 23.934, 23.940, 23.924, 23.925, 23.946 -- 23.928
Frequencies: 23.925, 23.942, 23.909, 23.910, 23.910, 23.934, 23.940, 23.924, 23.925, 23.946 -- 23.926
Frequencies: 23.925, 23.942, 23.909, 23.910, 23.910, 23.934, 23.940, 23.924, 23.925, 23.946 -- 23.926
Frequencies: 23.925, 23.942, 23.909, 23.910, 23.910, 23.934, 23.920, 23.924, 23.925, 23.946 -- 23.924
Frequencies: 23.925, 23.942, 23.909, 23.910, 23.910, 23.934, 23.920, 23.926, 23.925, 23.946 -- 23.924
Frequencies: 23.925, 23.942, 23.909, 23.910, 23.910, 23.934, 23.920, 23.926, 23.926, 23.946 -- 23.924
Frequencies: 23.925, 23.942, 23.909, 23.910, 23.910, 23.934, 23.920, 23.926, 23.926, 23.941 -- 23.924
Frequencies: 23.950, 23.942, 23.909, 23.910, 23.910, 23.934, 23.920, 23.926, 23.926, 23.941 -- 23.926
Frequencies: 23.950, 23.956, 23.909, 23.910, 23.910, 23.934, 23.920, 23.926, 23.926, 23.941 -- 23.928
Frequencies: 23.950, 23.956, 23.926, 23.910, 23.910, 23.934, 23.920, 23.926, 23.926, 23.941 -- 23.929
Frequencies: 23.950, 23.956, 23.926, 23.919, 23.910, 23.934, 23.920, 23.926, 23.926, 23.941 -- 23.930
Frequencies: 23.950, 23.956, 23.926, 23.919, 23.900, 23.934, 23.920, 23.926, 23.926, 23.941 -- 23.929
Frequencies: 23.950, 23.956, 23.926, 23.919, 23.900, 23.928, 23.920, 23.926, 23.926, 23.941 -- 23.929
Frequencies: 23.950, 23.956, 23.926, 23.919, 23.900, 23.928, 23.953, 23.926, 23.926, 23.941 -- 23.932
Magnet Detections Per Second: 24
Frequencies: 23.950, 23.956, 23.926, 23.919, 23.900, 23.928, 23.953, 23.973, 23.926, 23.941 -- 23.937
Frequencies: 23.950, 23.956, 23.926, 23.919, 23.900, 23.928, 23.953, 23.973, 23.976, 23.941 -- 23.942
Frequencies: 23.950, 23.956, 23.926, 23.919, 23.900, 23.928, 23.953, 23.973, 23.976, 23.954 -- 23.943
Frequencies: 23.904, 23.956, 23.926, 23.919, 23.900, 23.928, 23.953, 23.973, 23.976, 23.954 -- 23.938
Frequencies: 23.904, 23.915, 23.926, 23.919, 23.900, 23.928, 23.953, 23.973, 23.976, 23.954 -- 23.934
Frequencies: 23.904, 23.915, 23.919, 23.919, 23.900, 23.928, 23.953, 23.973, 23.976, 23.954 -- 23.934
Frequencies: 23.904, 23.915, 23.919, 23.909, 23.900, 23.928, 23.953, 23.973, 23.976, 23.954 -- 23.933
Frequencies: 23.904, 23.915, 23.919, 23.909, 23.933, 23.928, 23.953, 23.973, 23.976, 23.954 -- 23.936
Frequencies: 23.904, 23.915, 23.919, 23.909, 23.933, 23.918, 23.953, 23.973, 23.976, 23.954 -- 23.935
Frequencies: 23.904, 23.915, 23.919, 23.909, 23.933, 23.918, 23.916, 23.973, 23.976, 23.954 -- 23.931
Frequencies: 23.904, 23.915, 23.919, 23.909, 23.933, 23.918, 23.916, 23.945, 23.976, 23.954 -- 23.928
Frequencies: 23.904, 23.915, 23.919, 23.909, 23.933, 23.918, 23.916, 23.945, 23.926, 23.954 -- 23.923
Frequencies: 23.904, 23.915, 23.919, 23.909, 23.933, 23.918, 23.916, 23.945, 23.926, 23.974 -- 23.925
Frequencies: 23.952, 23.915, 23.919, 23.909, 23.933, 23.918, 23.916, 23.945, 23.926, 23.974 -- 23.930
Frequencies: 23.952, 23.883, 23.919, 23.909, 23.933, 23.918, 23.916, 23.945, 23.926, 23.974 -- 23.927
Frequencies: 23.952, 23.883, 23.939, 23.909, 23.933, 23.918, 23.916, 23.945, 23.926, 23.974 -- 23.929
Frequencies: 23.952, 23.883, 23.939, 23.954, 23.933, 23.918, 23.916, 23.945, 23.926, 23.974 -- 23.934
Frequencies: 23.952, 23.883, 23.939, 23.954, 23.987, 23.918, 23.916, 23.945, 23.926, 23.974 -- 23.939
Frequencies: 23.952, 23.883, 23.939, 23.954, 23.987, 23.957, 23.916, 23.945, 23.926, 23.974 -- 23.943
Frequencies: 23.952, 23.883, 23.939, 23.954, 23.987, 23.957, 23.924, 23.945, 23.926, 23.974 -- 23.944
Frequencies: 23.952, 23.883, 23.939, 23.954, 23.987, 23.957, 23.924, 23.911, 23.926, 23.974 -- 23.940
Frequencies: 23.952, 23.883, 23.939, 23.954, 23.987, 23.957, 23.924, 23.911, 23.950, 23.974 -- 23.943
Frequencies: 23.952, 23.883, 23.939, 23.954, 23.987, 23.957, 23.924, 23.911, 23.950, 23.950 -- 23.940
Frequencies: 23.961, 23.883, 23.939, 23.954, 23.987, 23.957, 23.924, 23.911, 23.950, 23.950 -- 23.941
Magnet Detections Per Second: 24
Frequencies: 23.961, 23.952, 23.939, 23.954, 23.987, 23.957, 23.924, 23.911, 23.950, 23.950 -- 23.948
Frequencies: 23.961, 23.952, 23.947, 23.954, 23.987, 23.957, 23.924, 23.911, 23.950, 23.950 -- 23.949
Frequencies: 23.961, 23.952, 23.947, 23.940, 23.987, 23.957, 23.924, 23.911, 23.950, 23.950 -- 23.947
Frequencies: 23.961, 23.952, 23.947, 23.940, 23.962, 23.957, 23.924, 23.911, 23.950, 23.950 -- 23.945
Frequencies: 23.961, 23.952, 23.947, 23.940, 23.962, 23.958, 23.924, 23.911, 23.950, 23.950 -- 23.945
Frequencies: 23.961, 23.952, 23.947, 23.940, 23.962, 23.958, 23.925, 23.911, 23.950, 23.950 -- 23.945
Frequencies: 23.961, 23.952, 23.947, 23.940, 23.962, 23.958, 23.925, 23.925, 23.950, 23.950 -- 23.947
Frequencies: 23.961, 23.952, 23.947, 23.940, 23.962, 23.958, 23.925, 23.925, 23.936, 23.950 -- 23.945
Frequencies: 23.961, 23.952, 23.947, 23.940, 23.962, 23.958, 23.925, 23.925, 23.936, 23.980 -- 23.948
Frequencies: 23.949, 23.952, 23.947, 23.940, 23.962, 23.958, 23.925, 23.925, 23.936, 23.980 -- 23.947
Frequencies: 23.949, 23.969, 23.947, 23.940, 23.962, 23.958, 23.925, 23.925, 23.936, 23.980 -- 23.949
Frequencies: 23.949, 23.969, 23.956, 23.940, 23.962, 23.958, 23.925, 23.925, 23.936, 23.980 -- 23.950
Frequencies: 23.949, 23.969, 23.956, 23.953, 23.962, 23.958, 23.925, 23.925, 23.936, 23.980 -- 23.951
Frequencies: 23.949, 23.969, 23.956, 23.953, 23.908, 23.958, 23.925, 23.925, 23.936, 23.980 -- 23.945
Frequencies: 23.949, 23.969, 23.956, 23.953, 23.908, 23.926, 23.925, 23.925, 23.936, 23.980 -- 23.942
Frequencies: 23.949, 23.969, 23.956, 23.953, 23.908, 23.926, 23.960, 23.925, 23.936, 23.980 -- 23.946
Frequencies: 23.949, 23.969, 23.956, 23.953, 23.908, 23.926, 23.960, 23.945, 23.936, 23.980 -- 23.948
Frequencies: 23.949, 23.969, 23.956, 23.953, 23.908, 23.926, 23.960, 23.945, 23.927, 23.980 -- 23.947
Frequencies: 23.949, 23.969, 23.956, 23.953, 23.908, 23.926, 23.960, 23.945, 23.927, 23.933 -- 23.942
Frequencies: 23.944, 23.969, 23.956, 23.953, 23.908, 23.926, 23.960, 23.945, 23.927, 23.933 -- 23.942
Frequencies: 23.944, 23.961, 23.956, 23.953, 23.908, 23.926, 23.960, 23.945, 23.927, 23.933 -- 23.941
Frequencies: 23.944, 23.961, 23.937, 23.953, 23.908, 23.926, 23.960, 23.945, 23.927, 23.933 -- 23.939
Frequencies: 23.944, 23.961, 23.937, 23.936, 23.908, 23.926, 23.960, 23.945, 23.927, 23.933 -- 23.937
Frequencies: 23.944, 23.961, 23.937, 23.936, 23.957, 23.926, 23.960, 23.945, 23.927, 23.933 -- 23.942
Magnet Detections Per Second: 24
Frequencies: 23.944, 23.961, 23.937, 23.936, 23.957, 23.972, 23.960, 23.945, 23.927, 23.933 -- 23.947
Frequencies: 23.944, 23.961, 23.937, 23.936, 23.957, 23.972, 23.965, 23.945, 23.927, 23.933 -- 23.947
Frequencies: 23.944, 23.961, 23.937, 23.936, 23.957, 23.972, 23.965, 23.952, 23.927, 23.933 -- 23.948
Frequencies: 23.944, 23.961, 23.937, 23.936, 23.957, 23.972, 23.965, 23.952, 23.954, 23.933 -- 23.951
Frequencies: 23.944, 23.961, 23.937, 23.936, 23.957, 23.972, 23.965, 23.952, 23.954, 23.945 -- 23.952
Frequencies: 23.923, 23.961, 23.937, 23.936, 23.957, 23.972, 23.965, 23.952, 23.954, 23.945 -- 23.950
Frequencies: 23.923, 23.932, 23.937, 23.936, 23.957, 23.972, 23.965, 23.952, 23.954, 23.945 -- 23.947
Frequencies: 23.923, 23.932, 23.933, 23.936, 23.957, 23.972, 23.965, 23.952, 23.954, 23.945 -- 23.946
Frequencies: 23.923, 23.932, 23.933, 23.904, 23.957, 23.972, 23.965, 23.952, 23.954, 23.945 -- 23.943
Frequencies: 23.923, 23.932, 23.933, 23.904, 23.933, 23.972, 23.965, 23.952, 23.954, 23.945 -- 23.941
Frequencies: 23.923, 23.932, 23.933, 23.904, 23.933, 23.937, 23.965, 23.952, 23.954, 23.945 -- 23.937
Frequencies: 23.923, 23.932, 23.933, 23.904, 23.933, 23.937, 23.938, 23.952, 23.954, 23.945 -- 23.935
Frequencies: 23.923, 23.932, 23.933, 23.904, 23.933, 23.937, 23.938, 23.918, 23.954, 23.945 -- 23.931
Frequencies: 23.923, 23.932, 23.933, 23.904, 23.933, 23.937, 23.938, 23.918, 23.971, 23.945 -- 23.933
Frequencies: 23.923, 23.932, 23.933, 23.904, 23.933, 23.937, 23.938, 23.918, 23.971, 23.964 -- 23.935
Frequencies: 23.950, 23.932, 23.933, 23.904, 23.933, 23.937, 23.938, 23.918, 23.971, 23.964 -- 23.938
Frequencies: 23.950, 23.921, 23.933, 23.904, 23.933, 23.937, 23.938, 23.918, 23.971, 23.964 -- 23.936
Frequencies: 23.950, 23.921, 23.917, 23.904, 23.933, 23.937, 23.938, 23.918, 23.971, 23.964 -- 23.935
Frequencies: 23.950, 23.921, 23.917, 23.946, 23.933, 23.937, 23.938, 23.918, 23.971, 23.964 -- 23.939
Frequencies: 23.950, 23.921, 23.917, 23.946, 23.929, 23.937, 23.938, 23.918, 23.971, 23.964 -- 23.939
Frequencies: 23.950, 23.921, 23.917, 23.946, 23.929, 23.924, 23.938, 23.918, 23.971, 23.964 -- 23.937
Frequencies: 23.950, 23.921, 23.917, 23.946, 23.929, 23.924, 23.955, 23.918, 23.971, 23.964 -- 23.939
Frequencies: 23.950, 23.921, 23.917, 23.946, 23.929, 23.924, 23.955, 23.928, 23.971, 23.964 -- 23.940
Frequencies: 23.950, 23.921, 23.917, 23.946, 23.929, 23.924, 23.955, 23.928, 23.944, 23.964 -- 23.937
Magnet Detections Per Second: 24
Frequencies: 23.950, 23.921, 23.917, 23.946, 23.929, 23.924, 23.955, 23.928, 23.944, 23.945 -- 23.935
Frequencies: 23.946, 23.921, 23.917, 23.946, 23.929, 23.924, 23.955, 23.928, 23.944, 23.945 -- 23.935
Frequencies: 23.946, 23.908, 23.917, 23.946, 23.929, 23.924, 23.955, 23.928, 23.944, 23.945 -- 23.934
Frequencies: 23.946, 23.908, 23.910, 23.946, 23.929, 23.924, 23.955, 23.928, 23.944, 23.945 -- 23.933
Frequencies: 23.946, 23.908, 23.910, 23.886, 23.929, 23.924, 23.955, 23.928, 23.944, 23.945 -- 23.927
Frequencies: 23.946, 23.908, 23.910, 23.886, 23.926, 23.924, 23.955, 23.928, 23.944, 23.945 -- 23.927
Frequencies: 23.946, 23.908, 23.910, 23.886, 23.926, 23.934, 23.955, 23.928, 23.944, 23.945 -- 23.928
Frequencies: 23.946, 23.908, 23.910, 23.886, 23.926, 23.934, 23.982, 23.928, 23.944, 23.945 -- 23.930
Frequencies: 23.946, 23.908, 23.910, 23.886, 23.926, 23.934, 23.982, 23.973, 23.944, 23.945 -- 23.935
Frequencies: 23.946, 23.908, 23.910, 23.886, 23.926, 23.934, 23.982, 23.973, 23.985, 23.945 -- 23.939
Frequencies: 23.946, 23.908, 23.910, 23.886, 23.926, 23.934, 23.982, 23.973, 23.985, 23.949 -- 23.939
Frequencies: 23.968, 23.908, 23.910, 23.886, 23.926, 23.934, 23.982, 23.973, 23.985, 23.949 -- 23.942
Frequencies: 23.968, 23.946, 23.910, 23.886, 23.926, 23.934, 23.982, 23.973, 23.985, 23.949 -- 23.945
Frequencies: 23.968, 23.946, 23.934, 23.886, 23.926, 23.934, 23.982, 23.973, 23.985, 23.949 -- 23.948
Frequencies: 23.968, 23.946, 23.934, 23.945, 23.926, 23.934, 23.982, 23.973, 23.985, 23.949 -- 23.954
Frequencies: 23.968, 23.946, 23.934, 23.945, 23.902, 23.934, 23.982, 23.973, 23.985, 23.949 -- 23.951
Frequencies: 23.968, 23.946, 23.934, 23.945, 23.902, 23.917, 23.982, 23.973, 23.985, 23.949 -- 23.950
Frequencies: 23.968, 23.946, 23.934, 23.945, 23.902, 23.917, 23.968, 23.973, 23.985, 23.949 -- 23.948
Frequencies: 23.968, 23.946, 23.934, 23.945, 23.902, 23.917, 23.968, 24.003, 23.985, 23.949 -- 23.951
Frequencies: 23.968, 23.946, 23.934, 23.945, 23.902, 23.917, 23.968, 24.003, 24.003, 23.949 -- 23.953
Frequencies: 23.968, 23.946, 23.934, 23.945, 23.902, 23.917, 23.968, 24.003, 24.003, 23.940 -- 23.952
Frequencies: 23.875, 23.946, 23.934, 23.945, 23.902, 23.917, 23.968, 24.003, 24.003, 23.940 -- 23.943
Frequencies: 23.875, 23.917, 23.934, 23.945, 23.902, 23.917, 23.968, 24.003, 24.003, 23.940 -- 23.940
Frequencies: 23.875, 23.917, 23.931, 23.945, 23.902, 23.917, 23.968, 24.003, 24.003, 23.940 -- 23.940
Magnet Detections Per Second: 24
Frequencies: 23.875, 23.917, 23.931, 23.941, 23.902, 23.917, 23.968, 24.003, 24.003, 23.940 -- 23.939
Frequencies: 23.875, 23.917, 23.931, 23.941, 23.970, 23.917, 23.968, 24.003, 24.003, 23.940 -- 23.946
Frequencies: 23.875, 23.917, 23.931, 23.941, 23.970, 23.927, 23.968, 24.003, 24.003, 23.940 -- 23.947
Frequencies: 23.875, 23.917, 23.931, 23.941, 23.970, 23.927, 23.938, 24.003, 24.003, 23.940 -- 23.944
Frequencies: 23.875, 23.917, 23.931, 23.941, 23.970, 23.927, 23.938, 23.975, 24.003, 23.940 -- 23.941
Frequencies: 23.875, 23.917, 23.931, 23.941, 23.970, 23.927, 23.938, 23.975, 24.005, 23.940 -- 23.941
Frequencies: 23.875, 23.917, 23.931, 23.941, 23.970, 23.927, 23.938, 23.975, 24.005, 23.971 -- 23.945
Frequencies: 23.981, 23.917, 23.931, 23.941, 23.970, 23.927, 23.938, 23.975, 24.005, 23.971 -- 23.955
Frequencies: 23.981, 23.963, 23.931, 23.941, 23.970, 23.927, 23.938, 23.975, 24.005, 23.971 -- 23.960
Frequencies: 23.981, 23.963, 23.932, 23.941, 23.970, 23.927, 23.938, 23.975, 24.005, 23.971 -- 23.960
Frequencies: 23.981, 23.963, 23.932, 23.940, 23.970, 23.927, 23.938, 23.975, 24.005, 23.971 -- 23.960
Frequencies: 23.981, 23.963, 23.932, 23.940, 23.959, 23.927, 23.938, 23.975, 24.005, 23.971 -- 23.959
Frequencies: 23.981, 23.963, 23.932, 23.940, 23.959, 23.944, 23.938, 23.975, 24.005, 23.971 -- 23.960
Frequencies: 23.981, 23.963, 23.932, 23.940, 23.959, 23.944, 23.912, 23.975, 24.005, 23.971 -- 23.958
Frequencies: 23.981, 23.963, 23.932, 23.940, 23.959, 23.944, 23.912, 23.914, 24.005, 23.971 -- 23.952
Frequencies: 23.981, 23.963, 23.932, 23.940, 23.959, 23.944, 23.912, 23.914, 23.952, 23.971 -- 23.946
Frequencies: 23.981, 23.963, 23.932, 23.940, 23.959, 23.944, 23.912, 23.914, 23.952, 23.975 -- 23.947
Frequencies: 23.985, 23.963, 23.932, 23.940, 23.959, 23.944, 23.912, 23.914, 23.952, 23.975 -- 23.947
Frequencies: 23.985, 23.971, 23.932, 23.940, 23.959, 23.944, 23.912, 23.914, 23.952, 23.975 -- 23.948
Frequencies: 23.985, 23.971, 23.929, 23.940, 23.959, 23.944, 23.912, 23.914, 23.952, 23.975 -- 23.948
Frequencies: 23.985, 23.971, 23.929, 23.936, 23.959, 23.944, 23.912, 23.914, 23.952, 23.975 -- 23.947
Frequencies: 23.985, 23.971, 23.929, 23.936, 23.935, 23.944, 23.912, 23.914, 23.952, 23.975 -- 23.945
Frequencies: 23.985, 23.971, 23.929, 23.936, 23.935, 23.956, 23.912, 23.914, 23.952, 23.975 -- 23.946
Frequencies: 23.985, 23.971, 23.929, 23.936, 23.935, 23.956, 23.921, 23.914, 23.952, 23.975 -- 23.947
Magnet Detections Per Second: 24
Frequencies: 23.985, 23.971, 23.929, 23.936, 23.935, 23.956, 23.921, 23.945, 23.952, 23.975 -- 23.950
Frequencies: 23.985, 23.971, 23.929, 23.936, 23.935, 23.956, 23.921, 23.945, 23.942, 23.975 -- 23.949
Frequencies: 23.985, 23.971, 23.929, 23.936, 23.935, 23.956, 23.921, 23.945, 23.942, 23.941 -- 23.946
Frequencies: 23.972, 23.971, 23.929, 23.936, 23.935, 23.956, 23.921, 23.945, 23.942, 23.941 -- 23.944
Frequencies: 23.972, 23.963, 23.929, 23.936, 23.935, 23.956, 23.921, 23.945, 23.942, 23.941 -- 23.944
Frequencies: 23.972, 23.963, 23.957, 23.936, 23.935, 23.956, 23.921, 23.945, 23.942, 23.941 -- 23.946
Frequencies: 23.972, 23.963, 23.957, 23.975, 23.935, 23.956, 23.921, 23.945, 23.942, 23.941 -- 23.950
Frequencies: 23.972, 23.963, 23.957, 23.975, 23.961, 23.956, 23.921, 23.945, 23.942, 23.941 -- 23.953
Frequencies: 23.972, 23.963, 23.957, 23.975, 23.961, 23.950, 23.921, 23.945, 23.942, 23.941 -- 23.952
Frequencies: 23.972, 23.963, 23.957, 23.975, 23.961, 23.950, 23.942, 23.945, 23.942, 23.941 -- 23.954
Frequencies: 23.972, 23.963, 23.957, 23.975, 23.961, 23.950, 23.942, 23.953, 23.942, 23.941 -- 23.955
Frequencies: 23.972, 23.963, 23.957, 23.975, 23.961, 23.950, 23.942, 23.953, 23.961, 23.941 -- 23.957
Frequencies: 23.972, 23.963, 23.957, 23.975, 23.961, 23.950, 23.942, 23.953, 23.961, 23.938 -- 23.957
Frequencies: 23.926, 23.963, 23.957, 23.975, 23.961, 23.950, 23.942, 23.953, 23.961, 23.938 -- 23.952
Frequencies: 23.926, 23.945, 23.957, 23.975, 23.961, 23.950, 23.942, 23.953, 23.961, 23.938 -- 23.950
Frequencies: 23.926, 23.945, 23.956, 23.975, 23.961, 23.950, 23.942, 23.953, 23.961, 23.938 -- 23.950
Frequencies: 23.926, 23.945, 23.956, 23.933, 23.961, 23.950, 23.942, 23.953, 23.961, 23.938 -- 23.946
Frequencies: 23.926, 23.945, 23.956, 23.933, 23.949, 23.950, 23.942, 23.953, 23.961, 23.938 -- 23.945
Frequencies: 23.926, 23.945, 23.956, 23.933, 23.949, 23.963, 23.942, 23.953, 23.961, 23.938 -- 23.946
Frequencies: 23.926, 23.945, 23.956, 23.933, 23.949, 23.963, 23.962, 23.953, 23.961, 23.938 -- 23.948
Frequencies: 23.926, 23.945, 23.956, 23.933, 23.949, 23.963, 23.962, 23.988, 23.961, 23.938 -- 23.952
Frequencies: 23.926, 23.945, 23.956, 23.933, 23.949, 23.963, 23.962, 23.988, 23.980, 23.938 -- 23.954
Frequencies: 23.926, 23.945, 23.956, 23.933, 23.949, 23.963, 23.962, 23.988, 23.980, 23.981 -- 23.958
Frequencies: 24.072, 23.945, 23.956, 23.933, 23.949, 23.963, 23.962, 23.988, 23.980, 23.981 -- 23.972
Magnet Detections Per Second: 24
Frequencies: 24.072, 24.004, 23.956, 23.933, 23.949, 23.963, 23.962, 23.988, 23.980, 23.981 -- 23.978
Frequencies: 24.072, 24.004, 23.954, 23.933, 23.949, 23.963, 23.962, 23.988, 23.980, 23.981 -- 23.978
Frequencies: 24.072, 24.004, 23.954, 23.870, 23.949, 23.963, 23.962, 23.988, 23.980, 23.981 -- 23.972
Frequencies: 24.072, 24.004, 23.954, 23.870, 24.015, 23.963, 23.962, 23.988, 23.980, 23.981 -- 23.978
Frequencies: 24.072, 24.004, 23.954, 23.870, 24.015, 23.961, 23.962, 23.988, 23.980, 23.981 -- 23.978
Frequencies: 24.072, 24.004, 23.954, 23.870, 24.015, 23.961, 23.986, 23.988, 23.980, 23.981 -- 23.981
Frequencies: 24.072, 24.004, 23.954, 23.870, 24.015, 23.961, 23.986, 23.879, 23.980, 23.981 -- 23.970
Frequencies: 24.072, 24.004, 23.954, 23.870, 24.015, 23.961, 23.986, 23.879, 23.895, 23.981 -- 23.961
Frequencies: 24.072, 24.004, 23.954, 23.870, 24.015, 23.961, 23.986, 23.879, 23.895, 23.900 -- 23.953
Frequencies: 23.971, 24.004, 23.954, 23.870, 24.015, 23.961, 23.986, 23.879, 23.895, 23.900 -- 23.943
Frequencies: 23.971, 23.983, 23.954, 23.870, 24.015, 23.961, 23.986, 23.879, 23.895, 23.900 -- 23.941
Frequencies: 23.971, 23.983, 23.915, 23.870, 24.015, 23.961, 23.986, 23.879, 23.895, 23.900 -- 23.937
Frequencies: 23.971, 23.983, 23.915, 23.934, 24.015, 23.961, 23.986, 23.879, 23.895, 23.900 -- 23.943
Frequencies: 23.971, 23.983, 23.915, 23.934, 23.941, 23.961, 23.986, 23.879, 23.895, 23.900 -- 23.936
Frequencies: 23.971, 23.983, 23.915, 23.934, 23.941, 23.968, 23.986, 23.879, 23.895, 23.900 -- 23.937
Frequencies: 23.971, 23.983, 23.915, 23.934, 23.941, 23.968, 23.983, 23.879, 23.895, 23.900 -- 23.936
Frequencies: 23.971, 23.983, 23.915, 23.934, 23.941, 23.968, 23.983, 23.920, 23.895, 23.900 -- 23.941
Frequencies: 23.971, 23.983, 23.915, 23.934, 23.941, 23.968, 23.983, 23.920, 23.913, 23.900 -- 23.942
Frequencies: 23.971, 23.983, 23.915, 23.934, 23.941, 23.968, 23.983, 23.920, 23.913, 23.917 -- 23.944
Frequencies: 23.921, 23.983, 23.915, 23.934, 23.941, 23.968, 23.983, 23.920, 23.913, 23.917 -- 23.939
Frequencies: 23.921, 23.967, 23.915, 23.934, 23.941, 23.968, 23.983, 23.920, 23.913, 23.917 -- 23.937
Frequencies: 23.921, 23.967, 23.977, 23.934, 23.941, 23.968, 23.983, 23.920, 23.913, 23.917 -- 23.944
Frequencies: 23.921, 23.967, 23.977, 23.943, 23.941, 23.968, 23.983, 23.920, 23.913, 23.917 -- 23.945
Frequencies: 23.921, 23.967, 23.977, 23.943, 23.924, 23.968, 23.983, 23.920, 23.913, 23.917 -- 23.943
Magnet Detections Per Second: 24
Frequencies: 23.921, 23.967, 23.977, 23.943, 23.924, 23.949, 23.983, 23.920, 23.913, 23.917 -- 23.941
Frequencies: 23.921, 23.967, 23.977, 23.943, 23.924, 23.949, 23.940, 23.920, 23.913, 23.917 -- 23.937
Frequencies: 23.921, 23.967, 23.977, 23.943, 23.924, 23.949, 23.940, 23.936, 23.913, 23.917 -- 23.938
Frequencies: 23.921, 23.967, 23.977, 23.943, 23.924, 23.949, 23.940, 23.936, 23.941, 23.917 -- 23.941
Frequencies: 23.921, 23.967, 23.977, 23.943, 23.924, 23.949, 23.940, 23.936, 23.941, 23.944 -- 23.944
Frequencies: 23.930, 23.967, 23.977, 23.943, 23.924, 23.949, 23.940, 23.936, 23.941, 23.944 -- 23.945
Frequencies: 23.930, 23.964, 23.977, 23.943, 23.924, 23.949, 23.940, 23.936, 23.941, 23.944 -- 23.944
Frequencies: 23.930, 23.964, 23.955, 23.943, 23.924, 23.949, 23.940, 23.936, 23.941, 23.944 -- 23.942
Frequencies: 23.930, 23.964, 23.955, 23.961, 23.924, 23.949, 23.940, 23.936, 23.941, 23.944 -- 23.944
Frequencies: 23.930, 23.964, 23.955, 23.961, 23.973, 23.949, 23.940, 23.936, 23.941, 23.944 -- 23.949
Frequencies: 23.930, 23.964, 23.955, 23.961, 23.973, 23.982, 23.940, 23.936, 23.941, 23.944 -- 23.952
Frequencies: 23.930, 23.964, 23.955, 23.961, 23.973, 23.982, 23.956, 23.936, 23.941, 23.944 -- 23.954
Frequencies: 23.930, 23.964, 23.955, 23.961, 23.973, 23.982, 23.956, 23.965, 23.941, 23.944 -- 23.957
Frequencies: 23.930, 23.964, 23.955, 23.961, 23.973, 23.982, 23.956, 23.965, 23.974, 23.944 -- 23.960
Frequencies: 23.930, 23.964, 23.955, 23.961, 23.973, 23.982, 23.956, 23.965, 23.974, 23.987 -- 23.964
Frequencies: 23.968, 23.964, 23.955, 23.961, 23.973, 23.982, 23.956, 23.965, 23.974, 23.987 -- 23.968
Frequencies: 23.968, 23.940, 23.955, 23.961, 23.973, 23.982, 23.956, 23.965, 23.974, 23.987 -- 23.966
Frequencies: 23.968, 23.940, 23.949, 23.961, 23.973, 23.982, 23.956, 23.965, 23.974, 23.987 -- 23.965
Frequencies: 23.968, 23.940, 23.949, 23.951, 23.973, 23.982, 23.956, 23.965, 23.974, 23.987 -- 23.964
Frequencies: 23.968, 23.940, 23.949, 23.951, 23.965, 23.982, 23.956, 23.965, 23.974, 23.987 -- 23.963
Frequencies: 23.968, 23.940, 23.949, 23.951, 23.965, 23.970, 23.956, 23.965, 23.974, 23.987 -- 23.962
Frequencies: 23.968, 23.940, 23.949, 23.951, 23.965, 23.970, 23.963, 23.965, 23.974, 23.987 -- 23.963
Frequencies: 23.968, 23.940, 23.949, 23.951, 23.965, 23.970, 23.963, 23.946, 23.974, 23.987 -- 23.961
Frequencies: 23.968, 23.940, 23.949, 23.951, 23.965, 23.970, 23.963, 23.946, 23.961, 23.987 -- 23.960
Magnet Detections Per Second: 24
Frequencies: 23.968, 23.940, 23.949, 23.951, 23.965, 23.970, 23.963, 23.946, 23.961, 23.982 -- 23.959
Frequencies: 23.982, 23.940, 23.949, 23.951, 23.965, 23.970, 23.963, 23.946, 23.961, 23.982 -- 23.960
Frequencies: 23.982, 23.959, 23.949, 23.951, 23.965, 23.970, 23.963, 23.946, 23.961, 23.982 -- 23.962
Frequencies: 23.982, 23.959, 23.952, 23.951, 23.965, 23.970, 23.963, 23.946, 23.961, 23.982 -- 23.963
Frequencies: 23.982, 23.959, 23.952, 23.932, 23.965, 23.970, 23.963, 23.946, 23.961, 23.982 -- 23.961
Frequencies: 23.982, 23.959, 23.952, 23.932, 23.976, 23.970, 23.963, 23.946, 23.961, 23.982 -- 23.962
Frequencies: 23.982, 23.959, 23.952, 23.932, 23.976, 23.975, 23.963, 23.946, 23.961, 23.982 -- 23.962
Frequencies: 23.982, 23.959, 23.952, 23.932, 23.976, 23.975, 23.993, 23.946, 23.961, 23.982 -- 23.965
Frequencies: 23.982, 23.959, 23.952, 23.932, 23.976, 23.975, 23.993, 23.957, 23.961, 23.982 -- 23.966
Frequencies: 23.982, 23.959, 23.952, 23.932, 23.976, 23.975, 23.993, 23.957, 23.960, 23.982 -- 23.966
Frequencies: 23.982, 23.959, 23.952, 23.932, 23.976, 23.975, 23.993, 23.957, 23.960, 23.960 -- 23.964
Frequencies: 23.949, 23.959, 23.952, 23.932, 23.976, 23.975, 23.993, 23.957, 23.960, 23.960 -- 23.961
Frequencies: 23.949, 23.982, 23.952, 23.932, 23.976, 23.975, 23.993, 23.957, 23.960, 23.960 -- 23.963
Frequencies: 23.949, 23.982, 23.981, 23.932, 23.976, 23.975, 23.993, 23.957, 23.960, 23.960 -- 23.966
Frequencies: 23.949, 23.982, 23.981, 23.974, 23.976, 23.975, 23.993, 23.957, 23.960, 23.960 -- 23.970
Frequencies: 23.949, 23.982, 23.981, 23.974, 23.967, 23.975, 23.993, 23.957, 23.960, 23.960 -- 23.969
Frequencies: 23.949, 23.982, 23.981, 23.974, 23.967, 23.957, 23.993, 23.957, 23.960, 23.960 -- 23.968
Frequencies: 23.949, 23.982, 23.981, 23.974, 23.967, 23.957, 23.982, 23.957, 23.960, 23.960 -- 23.966
Frequencies: 23.949, 23.982, 23.981, 23.974, 23.967, 23.957, 23.982, 23.957, 23.960, 23.960 -- 23.966
Frequencies: 23.949, 23.982, 23.981, 23.974, 23.967, 23.957, 23.982, 23.957, 23.948, 23.960 -- 23.965
Frequencies: 23.949, 23.982, 23.981, 23.974, 23.967, 23.957, 23.982, 23.957, 23.948, 23.964 -- 23.966
Frequencies: 23.969, 23.982, 23.981, 23.974, 23.967, 23.957, 23.982, 23.957, 23.948, 23.964 -- 23.968
Frequencies: 23.969, 23.979, 23.981, 23.974, 23.967, 23.957, 23.982, 23.957, 23.948, 23.964 -- 23.967
Frequencies: 23.969, 23.979, 23.956, 23.974, 23.967, 23.957, 23.982, 23.957, 23.948, 23.964 -- 23.965
Magnet Detections Per Second: 24
Frequencies: 23.969, 23.979, 23.956, 23.981, 23.967, 23.957, 23.982, 23.957, 23.948, 23.964 -- 23.966
Frequencies: 23.969, 23.979, 23.956, 23.981, 23.977, 23.957, 23.982, 23.957, 23.948, 23.964 -- 23.967
Frequencies: 23.969, 23.979, 23.956, 23.981, 23.977, 23.961, 23.982, 23.957, 23.948, 23.964 -- 23.967
Frequencies: 23.969, 23.979, 23.956, 23.981, 23.977, 23.961, 23.945, 23.957, 23.948, 23.964 -- 23.963
Frequencies: 23.969, 23.979, 23.956, 23.981, 23.977, 23.961, 23.945, 23.979, 23.948, 23.964 -- 23.965
Frequencies: 23.969, 23.979, 23.956, 23.981, 23.977, 23.961, 23.945, 23.979, 23.983, 23.964 -- 23.969
Frequencies: 23.969, 23.979, 23.956, 23.981, 23.977, 23.961, 23.945, 23.979, 23.983, 23.971 -- 23.970
Frequencies: 23.985, 23.979, 23.956, 23.981, 23.977, 23.961, 23.945, 23.979, 23.983, 23.971 -- 23.971
Frequencies: 23.985, 23.949, 23.956, 23.981, 23.977, 23.961, 23.945, 23.979, 23.983, 23.971 -- 23.968
Frequencies: 23.985, 23.949, 23.964, 23.981, 23.977, 23.961, 23.945, 23.979, 23.983, 23.971 -- 23.969
Frequencies: 23.985, 23.949, 23.964, 23.978, 23.977, 23.961, 23.945, 23.979, 23.983, 23.971 -- 23.969
Frequencies: 23.985, 23.949, 23.964, 23.978, 23.954, 23.961, 23.945, 23.979, 23.983, 23.971 -- 23.966
Frequencies: 23.985, 23.949, 23.964, 23.978, 23.954, 23.988, 23.945, 23.979, 23.983, 23.971 -- 23.969
Frequencies: 23.985, 23.949, 23.964, 23.978, 23.954, 23.988, 23.969, 23.979, 23.983, 23.971 -- 23.972
Frequencies: 23.985, 23.949, 23.964, 23.978, 23.954, 23.988, 23.969, 23.924, 23.983, 23.971 -- 23.966
Frequencies: 23.985, 23.949, 23.964, 23.978, 23.954, 23.988, 23.969, 23.924, 23.963, 23.971 -- 23.964
Frequencies: 23.985, 23.949, 23.964, 23.978, 23.954, 23.988, 23.969, 23.924, 23.963, 23.996 -- 23.967
Frequencies: 23.973, 23.949, 23.964, 23.978, 23.954, 23.988, 23.969, 23.924, 23.963, 23.996 -- 23.965
Frequencies: 23.973, 23.952, 23.964, 23.978, 23.954, 23.988, 23.969, 23.924, 23.963, 23.996 -- 23.966
Frequencies: 23.973, 23.952, 23.973, 23.978, 23.954, 23.988, 23.969, 23.924, 23.963, 23.996 -- 23.967
Frequencies: 23.973, 23.952, 23.973, 23.940, 23.954, 23.988, 23.969, 23.924, 23.963, 23.996 -- 23.963
Frequencies: 23.973, 23.952, 23.973, 23.940, 23.971, 23.988, 23.969, 23.924, 23.963, 23.996 -- 23.964
Frequencies: 23.973, 23.952, 23.973, 23.940, 23.971, 23.922, 23.969, 23.924, 23.963, 23.996 -- 23.958
Frequencies: 23.973, 23.952, 23.973, 23.940, 23.971, 23.922, 23.933, 23.924, 23.963, 23.996 -- 23.954
Magnet Detections Per Second: 24
Frequencies: 23.973, 23.952, 23.973, 23.940, 23.971, 23.922, 23.933, 23.954, 23.963, 23.996 -- 23.957
Frequencies: 23.973, 23.952, 23.973, 23.940, 23.971, 23.922, 23.933, 23.954, 23.927, 23.996 -- 23.954
Frequencies: 23.973, 23.952, 23.973, 23.940, 23.971, 23.922, 23.933, 23.954, 23.927, 23.953 -- 23.949
Frequencies: 23.972, 23.952, 23.973, 23.940, 23.971, 23.922, 23.933, 23.954, 23.927, 23.953 -- 23.949
Frequencies: 23.972, 23.989, 23.973, 23.940, 23.971, 23.922, 23.933, 23.954, 23.927, 23.953 -- 23.953
Frequencies: 23.972, 23.989, 23.957, 23.940, 23.971, 23.922, 23.933, 23.954, 23.927, 23.953 -- 23.951
Frequencies: 23.972, 23.989, 23.957, 23.960, 23.971, 23.922, 23.933, 23.954, 23.927, 23.953 -- 23.953
Frequencies: 23.972, 23.989, 23.957, 23.960, 23.947, 23.922, 23.933, 23.954, 23.927, 23.953 -- 23.951
Frequencies: 23.972, 23.989, 23.957, 23.960, 23.947, 23.975, 23.933, 23.954, 23.927, 23.953 -- 23.956
Frequencies: 23.972, 23.989, 23.957, 23.960, 23.947, 23.975, 24.000, 23.954, 23.927, 23.953 -- 23.963
Frequencies: 23.972, 23.989, 23.957, 23.960, 23.947, 23.975, 24.000, 23.996, 23.927, 23.953 -- 23.967
Frequencies: 23.972, 23.989, 23.957, 23.960, 23.947, 23.975, 24.000, 23.996, 23.967, 23.953 -- 23.971
Frequencies: 23.972, 23.989, 23.957, 23.960, 23.947, 23.975, 24.000, 23.996, 23.967, 23.973 -- 23.973
Frequencies: 23.946, 23.989, 23.957, 23.960, 23.947, 23.975, 24.000, 23.996, 23.967, 23.973 -- 23.971
Frequencies: 23.946, 23.964, 23.957, 23.960, 23.947, 23.975, 24.000, 23.996, 23.967, 23.973 -- 23.968
Frequencies: 23.946, 23.964, 23.956, 23.960, 23.947, 23.975, 24.000, 23.996, 23.967, 23.973 -- 23.968
Frequencies: 23.946, 23.964, 23.956, 23.967, 23.947, 23.975, 24.000, 23.996, 23.967, 23.973 -- 23.969
Frequencies: 23.946, 23.964, 23.956, 23.967, 23.988, 23.975, 24.000, 23.996, 23.967, 23.973 -- 23.973
Frequencies: 23.946, 23.964, 23.956, 23.967, 23.988, 23.974, 24.000, 23.996, 23.967, 23.973 -- 23.973
Frequencies: 23.946, 23.964, 23.956, 23.967, 23.988, 23.974, 23.973, 23.996, 23.967, 23.973 -- 23.970
Frequencies: 23.946, 23.964, 23.956, 23.967, 23.988, 23.974, 23.973, 23.980, 23.967, 23.973 -- 23.968
Frequencies: 23.946, 23.964, 23.956, 23.967, 23.988, 23.974, 23.973, 23.980, 23.979, 23.973 -- 23.970
Frequencies: 23.946, 23.964, 23.956, 23.967, 23.988, 23.974, 23.973, 23.980, 23.979, 23.995 -- 23.972
Frequencies: 23.964, 23.964, 23.956, 23.967, 23.988, 23.974, 23.973, 23.980, 23.979, 23.995 -- 23.974
Magnet Detections Per Second: 24
Frequencies: 23.964, 23.973, 23.956, 23.967, 23.988, 23.974, 23.973, 23.980, 23.979, 23.995 -- 23.974
Frequencies: 23.964, 23.973, 23.947, 23.967, 23.988, 23.974, 23.973, 23.980, 23.979, 23.995 -- 23.974
Frequencies: 23.964, 23.973, 23.947, 23.961, 23.988, 23.974, 23.973, 23.980, 23.979, 23.995 -- 23.973
Frequencies: 23.964, 23.973, 23.947, 23.961, 23.976, 23.974, 23.973, 23.980, 23.979, 23.995 -- 23.972
Frequencies: 23.964, 23.973, 23.947, 23.961, 23.976, 23.999, 23.973, 23.980, 23.979, 23.995 -- 23.974
Frequencies: 23.964, 23.973, 23.947, 23.961, 23.976, 23.999, 23.988, 23.980, 23.979, 23.995 -- 23.976
Frequencies: 23.964, 23.973, 23.947, 23.961, 23.976, 23.999, 23.988, 23.964, 23.979, 23.995 -- 23.974
Frequencies: 23.964, 23.973, 23.947, 23.961, 23.976, 23.999, 23.988, 23.964, 23.948, 23.995 -- 23.971
Frequencies: 23.964, 23.973, 23.947, 23.961, 23.976, 23.999, 23.988, 23.964, 23.948, 24.004 -- 23.972
Frequencies: 24.010, 23.973, 23.947, 23.961, 23.976, 23.999, 23.988, 23.964, 23.948, 24.004 -- 23.977
Frequencies: 24.010, 23.995, 23.947, 23.961, 23.976, 23.999, 23.988, 23.964, 23.948, 24.004 -- 23.979
Frequencies: 24.010, 23.995, 23.996, 23.961, 23.976, 23.999, 23.988, 23.964, 23.948, 24.004 -- 23.984
Frequencies: 24.010, 23.995, 23.996, 23.994, 23.976, 23.999, 23.988, 23.964, 23.948, 24.004 -- 23.987
Frequencies: 24.010, 23.995, 23.996, 23.994, 23.965, 23.999, 23.988, 23.964, 23.948, 24.004 -- 23.986
Frequencies: 24.010, 23.995, 23.996, 23.994, 23.965, 23.978, 23.988, 23.964, 23.948, 24.004 -- 23.984
Frequencies: 24.010, 23.995, 23.996, 23.994, 23.965, 23.978, 23.969, 23.964, 23.948, 24.004 -- 23.982
Frequencies: 24.010, 23.995, 23.996, 23.994, 23.965, 23.978, 23.969, 23.991, 23.948, 24.004 -- 23.985
Frequencies: 24.010, 23.995, 23.996, 23.994, 23.965, 23.978, 23.969, 23.991, 23.991, 24.004 -- 23.989
Frequencies: 24.010, 23.995, 23.996, 23.994, 23.965, 23.978, 23.969, 23.991, 23.991, 23.935 -- 23.982
Frequencies: 23.930, 23.995, 23.996, 23.994, 23.965, 23.978, 23.969, 23.991, 23.991, 23.935 -- 23.974
Frequencies: 23.930, 23.974, 23.996, 23.994, 23.965, 23.978, 23.969, 23.991, 23.991, 23.935 -- 23.972
Frequencies: 23.930, 23.974, 23.998, 23.994, 23.965, 23.978, 23.969, 23.991, 23.991, 23.935 -- 23.972
Frequencies: 23.930, 23.974, 23.998, 23.988, 23.965, 23.978, 23.969, 23.991, 23.991, 23.935 -- 23.971
Frequencies: 23.930, 23.974, 23.998, 23.988, 23.982, 23.978, 23.969, 23.991, 23.991, 23.935 -- 23.973
Magnet Detections Per Second: 24
Frequencies: 23.930, 23.974, 23.998, 23.988, 23.982, 23.972, 23.969, 23.991, 23.991, 23.935 -- 23.973
Frequencies: 23.930, 23.974, 23.998, 23.988, 23.982, 23.972, 23.954, 23.991, 23.991, 23.935 -- 23.971
Frequencies: 23.930, 23.974, 23.998, 23.988, 23.982, 23.972, 23.954, 23.992, 23.991, 23.935 -- 23.971
Frequencies: 23.930, 23.974, 23.998, 23.988, 23.982, 23.972, 23.954, 23.992, 23.988, 23.935 -- 23.971
Frequencies: 23.930, 23.974, 23.998, 23.988, 23.982, 23.972, 23.954, 23.992, 23.988, 23.983 -- 23.976
Frequencies: 23.963, 23.974, 23.998, 23.988, 23.982, 23.972, 23.954, 23.992, 23.988, 23.983 -- 23.979
Frequencies: 23.963, 23.987, 23.998, 23.988, 23.982, 23.972, 23.954, 23.992, 23.988, 23.983 -- 23.980
Frequencies: 23.963, 23.987, 23.946, 23.988, 23.982, 23.972, 23.954, 23.992, 23.988, 23.983 -- 23.975
Frequencies: 23.963, 23.987, 23.946, 23.982, 23.982, 23.972, 23.954, 23.992, 23.988, 23.983 -- 23.974
Frequencies: 23.963, 23.987, 23.946, 23.982, 23.965, 23.972, 23.954, 23.992, 23.988, 23.983 -- 23.973
Frequencies: 23.963, 23.987, 23.946, 23.982, 23.965, 23.991, 23.954, 23.992, 23.988, 23.983 -- 23.975
Frequencies: 23.963, 23.987, 23.946, 23.982, 23.965, 23.991, 23.928, 23.992, 23.988, 23.983 -- 23.972
Frequencies: 23.963, 23.987, 23.946, 23.982, 23.965, 23.991, 23.928, 23.972, 23.988, 23.983 -- 23.970
Frequencies: 23.963, 23.987, 23.946, 23.982, 23.965, 23.991, 23.928, 23.972, 23.960, 23.983 -- 23.967
Frequencies: 23.963, 23.987, 23.946, 23.982, 23.965, 23.991, 23.928, 23.972, 23.960, 23.998 -- 23.969
Frequencies: 23.976, 23.987, 23.946, 23.982, 23.965, 23.991, 23.928, 23.972, 23.960, 23.998 -- 23.970
Frequencies: 23.976, 23.982, 23.946, 23.982, 23.965, 23.991, 23.928, 23.972, 23.960, 23.998 -- 23.970
Frequencies: 23.976, 23.982, 23.968, 23.982, 23.965, 23.991, 23.928, 23.972, 23.960, 23.998 -- 23.972
Frequencies: 23.976, 23.982, 23.968, 23.943, 23.965, 23.991, 23.928, 23.972, 23.960, 23.998 -- 23.968
Frequencies: 23.976, 23.982, 23.968, 23.943, 23.952, 23.991, 23.928, 23.972, 23.960, 23.998 -- 23.967
Frequencies: 23.976, 23.982, 23.968, 23.943, 23.952, 23.985, 23.928, 23.972, 23.960, 23.998 -- 23.966
Frequencies: 23.976, 23.982, 23.968, 23.943, 23.952, 23.985, 23.961, 23.972, 23.960, 23.998 -- 23.969
Frequencies: 23.976, 23.982, 23.968, 23.943, 23.952, 23.985, 23.961, 23.958, 23.960, 23.998 -- 23.968
Frequencies: 23.976, 23.982, 23.968, 23.943, 23.952, 23.985, 23.961, 23.958, 23.978, 23.998 -- 23.970
Magnet Detections Per Second: 24
Frequencies: 23.976, 23.982, 23.968, 23.943, 23.952, 23.985, 23.961, 23.958, 23.978, 23.957 -- 23.966
Frequencies: 23.984, 23.982, 23.968, 23.943, 23.952, 23.985, 23.961, 23.958, 23.978, 23.957 -- 23.966
Frequencies: 23.984, 23.968, 23.968, 23.943, 23.952, 23.985, 23.961, 23.958, 23.978, 23.957 -- 23.965
Frequencies: 23.984, 23.968, 24.010, 23.943, 23.952, 23.985, 23.961, 23.958, 23.978, 23.957 -- 23.969
Frequencies: 23.984, 23.968, 24.010, 24.006, 23.952, 23.985, 23.961, 23.958, 23.978, 23.957 -- 23.975
Frequencies: 23.984, 23.968, 24.010, 24.006, 23.971, 23.985, 23.961, 23.958, 23.978, 23.957 -- 23.977
Frequencies: 23.984, 23.968, 24.010, 24.006, 23.971, 23.988, 23.961, 23.958, 23.978, 23.957 -- 23.978
Frequencies: 23.984, 23.968, 24.010, 24.006, 23.971, 23.988, 23.978, 23.958, 23.978, 23.957 -- 23.979
Frequencies: 23.984, 23.968, 24.010, 24.006, 23.971, 23.988, 23.978, 23.991, 23.978, 23.957 -- 2Frequencies: 23.984, 23.968, 24.010, 24.006, 23.971, 23.988, 23.978, 23.991, 23.981, 23.957 -- 23.983
Frequencies: 23.984, 23.968, 24.010, 24.006, 23.971, 23.988, 23.978, 23.991, 23.981, 23.961 -- 23.983
Frequencies: 23.966, 23.968, 24.010, 24.006, 23.971, 23.988, 23.978, 23.991, 23.981, 23.961 -- 23.982
Frequencies: 23.966, 23.983, 24.010, 24.006, 23.971, 23.988, 23.978, 23.991, 23.981, 23.961 -- 23.983
Frequencies: 23.966, 23.983, 23.963, 24.006, 23.971, 23.988, 23.978, 23.991, 23.981, 23.961 -- 23.978
Frequencies: 23.966, 23.983, 23.963, 23.984, 23.971, 23.988, 23.978, 23.991, 23.981, 23.961 -- 23.976
Frequencies: 23.966, 23.983, 23.963, 23.984, 23.984, 23.988, 23.978, 23.991, 23.981, 23.961 -- 23.977
Frequencies: 23.966, 23.983, 23.963, 23.984, 23.984, 23.961, 23.978, 23.991, 23.981, 23.961 -- 23.975
Frequencies: 23.966, 23.983, 23.963, 23.984, 23.984, 23.961, 23.949, 23.991, 23.981, 23.961 -- 23.972
Frequencies: 23.966, 23.983, 23.963, 23.984, 23.984, 23.961, 23.949, 24.002, 23.981, 23.961 -- 23.973
Frequencies: 23.966, 23.983, 23.963, 23.984, 23.984, 23.961, 23.949, 24.002, 23.998, 23.961 -- 23.975
Frequencies: 23.966, 23.983, 23.963, 23.984, 23.984, 23.961, 23.949, 24.002, 23.998, 24.006 -- 23.979
Frequencies: 23.991, 23.983, 23.963, 23.984, 23.984, 23.961, 23.949, 24.002, 23.998, 24.006 -- 23.982
Frequencies: 23.991, 23.970, 23.963, 23.984, 23.984, 23.961, 23.949, 24.002, 23.998, 24.006 -- 23.980
Frequencies: 23.991, 23.970, 23.986, 23.984, 23.984, 23.961, 23.949, 24.002, 23.998, 24.006 -- 23.983
Magnet Detections Per Second: 24
Frequencies: 23.991, 23.970, 23.986, 23.989, 23.984, 23.961, 23.949, 24.002, 23.998, 24.006 -- 23.983
Frequencies: 23.991, 23.970, 23.986, 23.989, 23.962, 23.961, 23.949, 24.002, 23.998, 24.006 -- 23.981
Frequencies: 23.991, 23.970, 23.986, 23.989, 23.962, 24.003, 23.949, 24.002, 23.998, 24.006 -- 23.985
Frequencies: 23.991, 23.970, 23.986, 23.989, 23.962, 24.003, 23.986, 24.002, 23.998, 24.006 -- 23.989
Frequencies: 23.991, 23.970, 23.986, 23.989, 23.962, 24.003, 23.986, 23.973, 23.998, 24.006 -- 23.986
Frequencies: 23.991, 23.970, 23.986, 23.989, 23.962, 24.003, 23.986, 23.973, 23.948, 24.006 -- 23.981
Frequencies: 23.991, 23.970, 23.986, 23.989, 23.962, 24.003, 23.986, 23.973, 23.948, 23.971 -- 23.977
Frequencies: 24.029, 23.970, 23.986, 23.989, 23.962, 24.003, 23.986, 23.973, 23.948, 23.971 -- 23.981
Frequencies: 24.029, 24.017, 23.986, 23.989, 23.962, 24.003, 23.986, 23.973, 23.948, 23.971 -- 23.986
Frequencies: 24.029, 24.017, 23.974, 23.989, 23.962, 24.003, 23.986, 23.973, 23.948, 23.971 -- 23.985
Frequencies: 24.029, 24.017, 23.974, 23.975, 23.962, 24.003, 23.986, 23.973, 23.948, 23.971 -- 23.983
Frequencies: 24.029, 24.017, 23.974, 23.975, 23.975, 24.003, 23.986, 23.973, 23.948, 23.971 -- 23.985
Frequencies: 24.029, 24.017, 23.974, 23.975, 23.975, 23.998, 23.986, 23.973, 23.948, 23.971 -- 23.984
Frequencies: 24.029, 24.017, 23.974, 23.975, 23.975, 23.998, 23.963, 23.973, 23.948, 23.971 -- 23.982
Frequencies: 24.029, 24.017, 23.974, 23.975, 23.975, 23.998, 23.963, 23.961, 23.948, 23.971 -- 23.981
Frequencies: 24.029, 24.017, 23.974, 23.975, 23.975, 23.998, 23.963, 23.961, 23.905, 23.971 -- 23.976
Frequencies: 24.029, 24.017, 23.974, 23.975, 23.975, 23.998, 23.963, 23.961, 23.905, 23.963 -- 23.976
Frequencies: 23.949, 24.017, 23.974, 23.975, 23.975, 23.998, 23.963, 23.961, 23.905, 23.963 -- 23.968
Frequencies: 23.949, 23.964, 23.974, 23.975, 23.975, 23.998, 23.963, 23.961, 23.905, 23.963 -- 23.962
Frequencies: 23.949, 23.964, 23.944, 23.975, 23.975, 23.998, 23.963, 23.961, 23.905, 23.963 -- 23.959
Frequencies: 23.949, 23.964, 23.944, 24.009, 23.975, 23.998, 23.963, 23.961, 23.905, 23.963 -- 23.963
Frequencies: 23.949, 23.964, 23.944, 24.009, 23.984, 23.998, 23.963, 23.961, 23.905, 23.963 -- 23.964
Frequencies: 23.949, 23.964, 23.944, 24.009, 23.984, 23.990, 23.963, 23.961, 23.905, 23.963 -- 23.963
Frequencies: 23.949, 23.964, 23.944, 24.009, 23.984, 23.990, 23.985, 23.961, 23.905, 23.963 -- 23.965
Magnet Detections Per Second: 24
Frequencies: 23.949, 23.964, 23.944, 24.009, 23.984, 23.990, 23.985, 24.002, 23.905, 23.963 -- 23.969
Frequencies: 23.949, 23.964, 23.944, 24.009, 23.984, 23.990, 23.985, 24.002, 23.994, 23.963 -- 23.978
Frequencies: 23.949, 23.964, 23.944, 24.009, 23.984, 23.990, 23.985, 24.002, 23.994, 23.983 -- 23.980
Frequencies: 23.964, 23.964, 23.944, 24.009, 23.984, 23.990, 23.985, 24.002, 23.994, 23.983 -- 23.981
Frequencies: 23.964, 23.990, 23.944, 24.009, 23.984, 23.990, 23.985, 24.002, 23.994, 23.983 -- 23.984
Frequencies: 23.964, 23.990, 24.029, 24.009, 23.984, 23.990, 23.985, 24.002, 23.994, 23.983 -- 23.993
Frequencies: 23.964, 23.990, 24.029, 24.010, 23.984, 23.990, 23.985, 24.002, 23.994, 23.983 -- 23.993
Frequencies: 23.964, 23.990, 24.029, 24.010, 23.997, 23.990, 23.985, 24.002, 23.994, 23.983 -- 23.994
Frequencies: 23.964, 23.990, 24.029, 24.010, 23.997, 23.932, 23.985, 24.002, 23.994, 23.983 -- 23.988
Frequencies: 23.964, 23.990, 24.029, 24.010, 23.997, 23.932, 23.917, 24.002, 23.994, 23.983 -- 23.981
Frequencies: 23.964, 23.990, 24.029, 24.010, 23.997, 23.932, 23.917, 23.864, 23.994, 23.983 -- 23.968
Frequencies: 23.964, 23.990, 24.029, 24.010, 23.997, 23.932, 23.917, 23.864, 24.045, 23.983 -- 23.973
Frequencies: 23.964, 23.990, 24.029, 24.010, 23.997, 23.932, 23.917, 23.864, 24.045, 24.065 -- 23.981
Frequencies: 24.050, 23.990, 24.029, 24.010, 23.997, 23.932, 23.917, 23.864, 24.045, 24.065 -- 23.989
Frequencies: 24.050, 23.932, 24.029, 24.010, 23.997, 23.932, 23.917, 23.864, 24.045, 24.065 -- 23.984
Frequencies: 24.050, 23.932, 23.921, 24.010, 23.997, 23.932, 23.917, 23.864, 24.045, 24.065 -- 23.973
Frequencies: 24.050, 23.932, 23.921, 23.942, 23.997, 23.932, 23.917, 23.864, 24.045, 24.065 -- 23.966
Frequencies: 24.050, 23.932, 23.921, 23.942, 24.040, 23.932, 23.917, 23.864, 24.045, 24.065 -- 23.970
Frequencies: 24.050, 23.932, 23.921, 23.942, 24.040, 24.049, 23.917, 23.864, 24.045, 24.065 -- 23.982
Frequencies: 24.050, 23.932, 23.921, 23.942, 24.040, 24.049, 24.029, 23.864, 24.045, 24.065 -- 23.993
Frequencies: 24.050, 23.932, 23.921, 23.942, 24.040, 24.049, 24.029, 23.984, 24.045, 24.065 -- 24.005
Frequencies: 24.050, 23.932, 23.921, 23.942, 24.040, 24.049, 24.029, 23.984, 23.953, 24.065 -- 23.996
Frequencies: 24.050, 23.932, 23.921, 23.942, 24.040, 24.049, 24.029, 23.984, 23.953, 23.956 -- 23.985
Frequencies: 23.964, 23.932, 23.921, 23.942, 24.040, 24.049, 24.029, 23.984, 23.953, 23.956 -- 23.977
Magnet Detections Per Second: 24
Frequencies: 23.964, 23.992, 23.921, 23.942, 24.040, 24.049, 24.029, 23.984, 23.953, 23.956 -- 23.983
Frequencies: 23.964, 23.992, 23.996, 23.942, 24.040, 24.049, 24.029, 23.984, 23.953, 23.956 -- 23.990
Frequencies: 23.964, 23.992, 23.996, 23.965, 24.040, 24.049, 24.029, 23.984, 23.953, 23.956 -- 23.992
Frequencies: 23.964, 23.992, 23.996, 23.965, 23.983, 24.049, 24.029, 23.984, 23.953, 23.956 -- 23.987
Frequencies: 23.964, 23.992, 23.996, 23.965, 23.983, 23.998, 24.029, 23.984, 23.953, 23.956 -- 23.982
Frequencies: 23.964, 23.992, 23.996, 23.965, 23.983, 23.998, 24.019, 23.984, 23.953, 23.956 -- 23.981
Frequencies: 23.964, 23.992, 23.996, 23.965, 23.983, 23.998, 24.019, 24.058, 23.953, 23.956 -- 23.988
Frequencies: 23.964, 23.992, 23.996, 23.965, 23.983, 23.998, 24.019, 24.058, 23.979, 23.956 -- 23.991
Frequencies: 23.964, 23.992, 23.996, 23.965, 23.983, 23.998, 24.019, 24.058, 23.979, 23.931 -- 23.988
Frequencies: 23.962, 23.992, 23.996, 23.965, 23.983, 23.998, 24.019, 24.058, 23.979, 23.931 -- 23.988
Frequencies: 23.962, 23.952, 23.996, 23.965, 23.983, 23.998, 24.019, 24.058, 23.979, 23.931 -- 23.984
Frequencies: 23.962, 23.952, 23.996, 23.965, 23.983, 23.998, 24.019, 24.058, 23.979, 23.931 -- 23.984
Frequencies: 23.962, 23.952, 23.996, 23.950, 23.983, 23.998, 24.019, 24.058, 23.979, 23.931 -- 23.982
Frequencies: 23.962, 23.952, 23.996, 23.950, 24.007, 23.998, 24.019, 24.058, 23.979, 23.931 -- 23.985
Frequencies: 23.962, 23.952, 23.996, 23.950, 24.007, 23.998, 24.019, 24.058, 23.979, 23.931 -- 23.985
Frequencies: 23.962, 23.952, 23.996, 23.950, 24.007, 23.998, 23.977, 24.058, 23.979, 23.931 -- 23.981
Frequencies: 23.962, 23.952, 23.996, 23.950, 24.007, 23.998, 23.977, 23.979, 23.979, 23.931 -- 23.973
Frequencies: 23.962, 23.952, 23.996, 23.950, 24.007, 23.998, 23.977, 23.979, 23.964, 23.931 -- 23.971
Frequencies: 23.962, 23.952, 23.996, 23.950, 24.007, 23.998, 23.977, 23.979, 23.964, 23.965 -- 23.975
Frequencies: 23.991, 23.952, 23.996, 23.950, 24.007, 23.998, 23.977, 23.979, 23.964, 23.965 -- 23.977
Frequencies: 23.991, 23.981, 23.996, 23.950, 24.007, 23.998, 23.977, 23.979, 23.964, 23.965 -- 23.980
Frequencies: 23.991, 23.981, 23.997, 23.950, 24.007, 23.998, 23.977, 23.979, 23.964, 23.965 -- 23.980
Frequencies: 23.991, 23.981, 23.997, 23.956, 24.007, 23.998, 23.977, 23.979, 23.964, 23.965 -- 23.981
Frequencies: 23.991, 23.981, 23.997, 23.956, 23.970, 23.998, 23.977, 23.979, 23.964, 23.965 -- 23.977
Magnet Detections Per Second: 24
Frequencies: 23.991, 23.981, 23.997, 23.956, 23.970, 23.996, 23.977, 23.979, 23.964, 23.965 -- 23.977
Frequencies: 23.991, 23.981, 23.997, 23.956, 23.970, 23.996, 23.960, 23.979, 23.964, 23.965 -- 23.975
Frequencies: 23.991, 23.981, 23.997, 23.956, 23.970, 23.996, 23.960, 23.967, 23.964, 23.965 -- 23.974
Frequencies: 23.991, 23.981, 23.997, 23.956, 23.970, 23.996, 23.960, 23.967, 23.956, 23.965 -- 23.973
Frequencies: 23.991, 23.981, 23.997, 23.956, 23.970, 23.996, 23.960, 23.967, 23.956, 23.954 -- 23.972
Frequencies: 23.978, 23.981, 23.997, 23.956, 23.970, 23.996, 23.960, 23.967, 23.956, 23.954 -- 23.971
Frequencies: 23.978, 23.992, 23.997, 23.956, 23.970, 23.996, 23.960, 23.967, 23.956, 23.954 -- 23.972
Frequencies: 23.978, 23.992, 23.991, 23.956, 23.970, 23.996, 23.960, 23.967, 23.956, 23.954 -- 23.972
Frequencies: 23.978, 23.992, 23.991, 23.985, 23.970, 23.996, 23.960, 23.967, 23.956, 23.954 -- 23.974
Frequencies: 23.978, 23.992, 23.991, 23.985, 23.998, 23.996, 23.960, 23.967, 23.956, 23.954 -- 23.977
Frequencies: 23.978, 23.992, 23.991, 23.985, 23.998, 23.998, 23.960, 23.967, 23.956, 23.954 -- 23.977
Frequencies: 23.978, 23.992, 23.991, 23.985, 23.998, 23.998, 24.000, 23.967, 23.956, 23.954 -- 23.981
Frequencies: 23.978, 23.992, 23.991, 23.985, 23.998, 23.998, 24.000, 24.010, 23.956, 23.954 -- 23.986
Frequencies: 23.978, 23.992, 23.991, 23.985, 23.998, 23.998, 24.000, 24.010, 23.980, 23.954 -- 23.988
Frequencies: 23.978, 23.992, 23.991, 23.985, 23.998, 23.998, 24.000, 24.010, 23.980, 23.964 -- 23.989
Frequencies: 23.965, 23.992, 23.991, 23.985, 23.998, 23.998, 24.000, 24.010, 23.980, 23.964 -- 23.988
Frequencies: 23.965, 23.994, 23.991, 23.985, 23.998, 23.998, 24.000, 24.010, 23.980, 23.964 -- 23.988
Frequencies: 23.965, 23.994, 24.008, 23.985, 23.998, 23.998, 24.000, 24.010, 23.980, 23.964 -- 23.990
Frequencies: 23.965, 23.994, 24.008, 23.982, 23.998, 23.998, 24.000, 24.010, 23.980, 23.964 -- 23.989
Frequencies: 23.965, 23.994, 24.008, 23.982, 23.975, 23.998, 24.000, 24.010, 23.980, 23.964 -- 23.987
Frequencies: 23.965, 23.994, 24.008, 23.982, 23.975, 23.973, 24.000, 24.010, 23.980, 23.964 -- 23.985
Frequencies: 23.965, 23.994, 24.008, 23.982, 23.975, 23.973, 24.000, 24.010, 23.980, 23.964 -- 23.985
Frequencies: 23.965, 23.994, 24.008, 23.982, 23.975, 23.973, 24.000, 23.991, 23.980, 23.964 -- 23.983
Frequencies: 23.965, 23.994, 24.008, 23.982, 23.975, 23.973, 24.000, 23.991, 23.977, 23.964 -- 23.982
Magnet Detections Per Second: 24
Frequencies: 23.965, 23.994, 24.008, 23.982, 23.975, 23.973, 24.000, 23.991, 23.977, 23.975 -- 23.984
Frequencies: 23.949, 23.994, 24.008, 23.982, 23.975, 23.973, 24.000, 23.991, 23.977, 23.975 -- 23.982
Frequencies: 23.949, 24.000, 24.008, 23.982, 23.975, 23.973, 24.000, 23.991, 23.977, 23.975 -- 23.983
Frequencies: 23.949, 24.000, 23.983, 23.982, 23.975, 23.973, 24.000, 23.991, 23.977, 23.975 -- 23.980
Frequencies: 23.949, 24.000, 23.983, 23.998, 23.975, 23.973, 24.000, 23.991, 23.977, 23.975 -- 23.982
Frequencies: 23.949, 24.000, 23.983, 23.998, 23.992, 23.973, 24.000, 23.991, 23.977, 23.975 -- 23.983
Frequencies: 23.949, 24.000, 23.983, 23.998, 23.992, 23.976, 24.000, 23.991, 23.977, 23.975 -- 23.984
Frequencies: 23.949, 24.000, 23.983, 23.998, 23.992, 23.976, 23.972, 23.991, 23.977, 23.975 -- 23.981
Frequencies: 23.949, 24.000, 23.983, 23.998, 23.992, 23.976, 23.972, 23.961, 23.977, 23.975 -- 23.978
Frequencies: 23.949, 24.000, 23.983, 23.998, 23.992, 23.976, 23.972, 23.961, 23.979, 23.975 -- 23.978
Frequencies: 23.949, 24.000, 23.983, 23.998, 23.992, 23.976, 23.972, 23.961, 23.979, 23.983 -- 23.979
Frequencies: 23.989, 24.000, 23.983, 23.998, 23.992, 23.976, 23.972, 23.961, 23.979, 23.983 -- 23.983
Frequencies: 23.989, 23.992, 23.983, 23.998, 23.992, 23.976, 23.972, 23.961, 23.979, 23.983 -- 23.982
Frequencies: 23.989, 23.992, 23.944, 23.998, 23.992, 23.976, 23.972, 23.961, 23.979, 23.983 -- 23.978
Frequencies: 23.989, 23.992, 23.944, 23.971, 23.992, 23.976, 23.972, 23.961, 23.979, 23.983 -- 23.975
Frequencies: 23.989, 23.992, 23.944, 23.971, 23.977, 23.976, 23.972, 23.961, 23.979, 23.983 -- 23.974
Frequencies: 23.989, 23.992, 23.944, 23.971, 23.977, 23.991, 23.972, 23.961, 23.979, 23.983 -- 23.975
Frequencies: 23.989, 23.992, 23.944, 23.971, 23.977, 23.991, 23.983, 23.961, 23.979, 23.983 -- 23.977
Frequencies: 23.989, 23.992, 23.944, 23.971, 23.977, 23.991, 23.983, 24.001, 23.979, 23.983 -- 23.981
Frequencies: 23.989, 23.992, 23.944, 23.971, 23.977, 23.991, 23.983, 24.001, 23.966, 23.983 -- 23.979
Frequencies: 23.989, 23.992, 23.944, 23.971, 23.977, 23.991, 23.983, 24.001, 23.966, 24.011 -- 23.982
Frequencies: 23.996, 23.992, 23.944, 23.971, 23.977, 23.991, 23.983, 24.001, 23.966, 24.011 -- 23.983
Frequencies: 23.996, 23.985, 23.944, 23.971, 23.977, 23.991, 23.983, 24.001, 23.966, 24.011 -- 23.982
Frequencies: 23.996, 23.985, 23.964, 23.971, 23.977, 23.991, 23.983, 24.001, 23.966, 24.011 -- 23.984
Magnet Detections Per Second: 24
Frequencies: 23.996, 23.985, 23.964, 23.964, 23.977, 23.991, 23.983, 24.001, 23.966, 24.011 -- 23.983
Frequencies: 23.996, 23.985, 23.964, 23.964, 23.975, 23.991, 23.983, 24.001, 23.966, 24.011 -- 23.983
Frequencies: 23.996, 23.985, 23.964, 23.964, 23.975, 23.976, 23.983, 24.001, 23.966, 24.011 -- 23.982
Frequencies: 23.996, 23.985, 23.964, 23.964, 23.975, 23.976, 23.994, 24.001, 23.966, 24.011 -- 23.983
Frequencies: 23.996, 23.985, 23.964, 23.964, 23.975, 23.976, 23.994, 23.987, 23.966, 24.011 -- 23.981
Frequencies: 23.996, 23.985, 23.964, 23.964, 23.975, 23.976, 23.994, 23.987, 23.993, 24.011 -- 23.984
Frequencies: 23.996, 23.985, 23.964, 23.964, 23.975, 23.976, 23.994, 23.987, 23.993, 23.953 -- 23.978
Frequencies: 23.968, 23.985, 23.964, 23.964, 23.975, 23.976, 23.994, 23.987, 23.993, 23.953 -- 23.975
Frequencies: 23.968, 23.977, 23.964, 23.964, 23.975, 23.976, 23.994, 23.987, 23.993, 23.953 -- 23.975
Frequencies: 23.968, 23.977, 23.987, 23.964, 23.975, 23.976, 23.994, 23.987, 23.993, 23.953 -- 23.977
Frequencies: 23.968, 23.977, 23.987, 23.987, 23.975, 23.976, 23.994, 23.987, 23.993, 23.953 -- 23.979
Frequencies: 23.968, 23.977, 23.987, 23.987, 23.996, 23.976, 23.994, 23.987, 23.993, 23.953 -- 23.981
Frequencies: 23.968, 23.977, 23.987, 23.987, 23.996, 23.965, 23.994, 23.987, 23.993, 23.953 -- 23.980
Frequencies: 23.968, 23.977, 23.987, 23.987, 23.996, 23.965, 24.025, 23.987, 23.993, 23.953 -- 23.983
Frequencies: 23.968, 23.977, 23.987, 23.987, 23.996, 23.965, 24.025, 24.014, 23.993, 23.953 -- 23.986
Frequencies: 23.968, 23.977, 23.987, 23.987, 23.996, 23.965, 24.025, 24.014, 24.020, 23.953 -- 23.989
Frequencies: 23.968, 23.977, 23.987, 23.987, 23.996, 23.965, 24.025, 24.014, 24.020, 23.984 -- 23.992
Frequencies: 23.973, 23.977, 23.987, 23.987, 23.996, 23.965, 24.025, 24.014, 24.020, 23.984 -- 23.992
Frequencies: 23.973, 23.933, 23.987, 23.987, 23.996, 23.965, 24.025, 24.014, 24.020, 23.984 -- 23.988
Frequencies: 23.973, 23.933, 23.957, 23.987, 23.996, 23.965, 24.025, 24.014, 24.020, 23.984 -- 23.985
Frequencies: 23.973, 23.933, 23.957, 23.981, 23.996, 23.965, 24.025, 24.014, 24.020, 23.984 -- 23.984
Frequencies: 23.973, 23.933, 23.957, 23.981, 23.999, 23.965, 24.025, 24.014, 24.020, 23.984 -- 23.985
Frequencies: 23.973, 23.933, 23.957, 23.981, 23.999, 24.007, 24.025, 24.014, 24.020, 23.984 -- 23.989
Frequencies: 23.973, 23.933, 23.957, 23.981, 23.999, 24.007, 23.979, 24.014, 24.020, 23.984 -- 23.984
Magnet Detections Per Second: 24
Frequencies: 23.973, 23.933, 23.957, 23.981, 23.999, 24.007, 23.979, 23.968, 24.020, 23.984 -- 23.980
Frequencies: 23.973, 23.933, 23.957, 23.981, 23.999, 24.007, 23.979, 23.968, 23.959, 23.984 -- 23.974
Frequencies: 23.973, 23.933, 23.957, 23.981, 23.999, 24.007, 23.979, 23.968, 23.959, 23.981 -- 23.973
Frequencies: 23.967, 23.933, 23.957, 23.981, 23.999, 24.007, 23.979, 23.968, 23.959, 23.981 -- 23.973
Frequencies: 23.967, 23.967, 23.957, 23.981, 23.999, 24.007, 23.979, 23.968, 23.959, 23.981 -- 23.976
Frequencies: 23.967, 23.967, 23.961, 23.981, 23.999, 24.007, 23.979, 23.968, 23.959, 23.981 -- 23.976
Frequencies: 23.967, 23.967, 23.961, 23.949, 23.999, 24.007, 23.979, 23.968, 23.959, 23.981 -- 23.973
Frequencies: 23.967, 23.967, 23.961, 23.949, 23.984, 24.007, 23.979, 23.968, 23.959, 23.981 -- 23.972
Frequencies: 23.967, 23.967, 23.961, 23.949, 23.984, 23.983, 23.979, 23.968, 23.959, 23.981 -- 23.969
Frequencies: 23.967, 23.967, 23.961, 23.949, 23.984, 23.983, 24.004, 23.968, 23.959, 23.981 -- 23.972
Frequencies: 23.967, 23.967, 23.961, 23.949, 23.984, 23.983, 24.004, 24.016, 23.959, 23.981 -- 23.977
Frequencies: 23.967, 23.967, 23.961, 23.949, 23.984, 23.983, 24.004, 24.016, 23.964, 23.981 -- 23.977
Frequencies: 23.967, 23.967, 23.961, 23.949, 23.984, 23.983, 24.004, 24.016, 23.964, 23.977 -- 23.977
Frequencies: 23.992, 23.967, 23.961, 23.949, 23.984, 23.983, 24.004, 24.016, 23.964, 23.977 -- 23.979
Frequencies: 23.992, 23.981, 23.961, 23.949, 23.984, 23.983, 24.004, 24.016, 23.964, 23.977 -- 23.981
Frequencies: 23.992, 23.981, 24.004, 23.949, 23.984, 23.983, 24.004, 24.016, 23.964, 23.977 -- 23.985
Frequencies: 23.992, 23.981, 24.004, 24.012, 23.984, 23.983, 24.004, 24.016, 23.964, 23.977 -- 23.991
Frequencies: 23.992, 23.981, 24.004, 24.012, 23.967, 23.983, 24.004, 24.016, 23.964, 23.977 -- 23.990
Frequencies: 23.992, 23.981, 24.004, 24.012, 23.967, 23.969, 24.004, 24.016, 23.964, 23.977 -- 23.988
Frequencies: 23.992, 23.981, 24.004, 24.012, 23.967, 23.969, 23.971, 24.016, 23.964, 23.977 -- 23.985
Frequencies: 23.992, 23.981, 24.004, 24.012, 23.967, 23.969, 23.971, 24.019, 23.964, 23.977 -- 23.985
Frequencies: 23.992, 23.981, 24.004, 24.012, 23.967, 23.969, 23.971, 24.019, 23.983, 23.977 -- 23.987
Frequencies: 23.992, 23.981, 24.004, 24.012, 23.967, 23.969, 23.971, 24.019, 23.983, 23.957 -- 23.985
Frequencies: 23.917, 23.981, 24.004, 24.012, 23.967, 23.969, 23.971, 24.019, 23.983, 23.957 -- 23.978
Magnet Detections Per Second: 24
Frequencies: 23.917, 23.975, 24.004, 24.012, 23.967, 23.969, 23.971, 24.019, 23.983, 23.957 -- 23.977
Frequencies: 23.917, 23.975, 23.980, 24.012, 23.967, 23.969, 23.971, 24.019, 23.983, 23.957 -- 23.975
Frequencies: 23.917, 23.975, 23.980, 23.992, 23.967, 23.969, 23.971, 24.019, 23.983, 23.957 -- 23.973
Frequencies: 23.917, 23.975, 23.980, 23.992, 24.011, 23.969, 23.971, 24.019, 23.983, 23.957 -- 23.977
Frequencies: 23.917, 23.975, 23.980, 23.992, 24.011, 23.990, 23.971, 24.019, 23.983, 23.957 -- 23.979
Frequencies: 23.917, 23.975, 23.980, 23.992, 24.011, 23.990, 23.980, 24.019, 23.983, 23.957 -- 23.980
Frequencies: 23.917, 23.975, 23.980, 23.992, 24.011, 23.990, 23.980, 23.972, 23.983, 23.957 -- 23.975
Frequencies: 23.917, 23.975, 23.980, 23.992, 24.011, 23.990, 23.980, 23.972, 24.029, 23.957 -- 23.980
Frequencies: 23.917, 23.975, 23.980, 23.992, 24.011, 23.990, 23.980, 23.972, 24.029, 24.006 -- 23.985
Frequencies: 23.980, 23.975, 23.980, 23.992, 24.011, 23.990, 23.980, 23.972, 24.029, 24.006 -- 23.991
Frequencies: 23.980, 23.976, 23.980, 23.992, 24.011, 23.990, 23.980, 23.972, 24.029, 24.006 -- 23.991
Frequencies: 23.980, 23.976, 23.965, 23.992, 24.011, 23.990, 23.980, 23.972, 24.029, 24.006 -- 23.990
Frequencies: 23.980, 23.976, 23.965, 23.988, 24.011, 23.990, 23.980, 23.972, 24.029, 24.006 -- 23.989
Frequencies: 23.980, 23.976, 23.965, 23.988, 23.998, 23.990, 23.980, 23.972, 24.029, 24.006 -- 23.988
Frequencies: 23.980, 23.976, 23.965, 23.988, 23.998, 23.961, 23.980, 23.972, 24.029, 24.006 -- 23.985
Frequencies: 23.980, 23.976, 23.965, 23.988, 23.998, 23.961, 24.011, 23.972, 24.029, 24.006 -- 23.988
Frequencies: 23.980, 23.976, 23.965, 23.988, 23.998, 23.961, 24.011, 24.003, 24.029, 24.006 -- 23.991
Frequencies: 23.980, 23.976, 23.965, 23.988, 23.998, 23.961, 24.011, 24.003, 23.976, 24.006 -- 23.986
Frequencies: 23.980, 23.976, 23.965, 23.988, 23.998, 23.961, 24.011, 24.003, 23.976, 23.984 -- 23.984
Frequencies: 23.973, 23.976, 23.965, 23.988, 23.998, 23.961, 24.011, 24.003, 23.976, 23.984 -- 23.983
Frequencies: 23.973, 23.979, 23.965, 23.988, 23.998, 23.961, 24.011, 24.003, 23.976, 23.984 -- 23.983
Frequencies: 23.973, 23.979, 23.979, 23.988, 23.998, 23.961, 24.011, 24.003, 23.976, 23.984 -- 23.985
Frequencies: 23.973, 23.979, 23.979, 23.968, 23.998, 23.961, 24.011, 24.003, 23.976, 23.984 -- 23.983
Frequencies: 23.973, 23.979, 23.979, 23.968, 23.983, 23.961, 24.011, 24.003, 23.976, 23.984 -- 23.981
Magnet Detections Per Second: 24
Frequencies: 23.973, 23.979, 23.979, 23.968, 23.983, 23.985, 24.011, 24.003, 23.976, 23.984 -- 23.984
Frequencies: 23.973, 23.979, 23.979, 23.968, 23.983, 23.985, 23.984, 24.003, 23.976, 23.984 -- 23.981
Frequencies: 23.973, 23.979, 23.979, 23.968, 23.983, 23.985, 23.984, 24.015, 23.976, 23.984 -- 23.982
Frequencies: 23.973, 23.979, 23.979, 23.968, 23.983, 23.985, 23.984, 24.015, 23.985, 23.984 -- 23.983
Frequencies: 23.973, 23.979, 23.979, 23.968, 23.983, 23.985, 23.984, 24.015, 23.985, 24.019 -- 23.987
Frequencies: 23.954, 23.979, 23.979, 23.968, 23.983, 23.985, 23.984, 24.015, 23.985, 24.019 -- 23.985
Frequencies: 23.954, 23.980, 23.979, 23.968, 23.983, 23.985, 23.984, 24.015, 23.985, 24.019 -- 23.985
Frequencies: 23.954, 23.980, 23.979, 23.968, 23.983, 23.985, 23.984, 24.015, 23.985, 24.019 -- 23.985
Frequencies: 23.954, 23.980, 23.979, 24.021, 23.983, 23.985, 23.984, 24.015, 23.985, 24.019 -- 23.990
Frequencies: 23.954, 23.980, 23.979, 24.021, 23.966, 23.985, 23.984, 24.015, 23.985, 24.019 -- 23.988
Frequencies: 23.954, 23.980, 23.979, 24.021, 23.966, 23.970, 23.984, 24.015, 23.985, 24.019 -- 23.987
Frequencies: 23.954, 23.980, 23.979, 24.021, 23.966, 23.970, 23.985, 24.015, 23.985, 24.019 -- 23.987
Frequencies: 23.954, 23.980, 23.979, 24.021, 23.966, 23.970, 23.985, 23.995, 23.985, 24.019 -- 23.985
Frequencies: 23.954, 23.980, 23.979, 24.021, 23.966, 23.970, 23.985, 23.995, 23.999, 24.019 -- 23.986
Frequencies: 23.954, 23.980, 23.979, 24.021, 23.966, 23.970, 23.985, 23.995, 23.999, 24.010 -- 23.985
Frequencies: 23.991, 23.980, 23.979, 24.021, 23.966, 23.970, 23.985, 23.995, 23.999, 24.010 -- 23.989
Frequencies: 23.991, 23.972, 23.979, 24.021, 23.966, 23.970, 23.985, 23.995, 23.999, 24.010 -- 23.988
Frequencies: 23.991, 23.972, 23.976, 24.021, 23.966, 23.970, 23.985, 23.995, 23.999, 24.010 -- 23.988
Frequencies: 23.991, 23.972, 23.976, 23.992, 23.966, 23.970, 23.985, 23.995, 23.999, 24.010 -- 23.985
Frequencies: 23.991, 23.972, 23.976, 23.992, 23.982, 23.970, 23.985, 23.995, 23.999, 24.010 -- 23.987
Frequencies: 23.991, 23.972, 23.976, 23.992, 23.982, 23.983, 23.985, 23.995, 23.999, 24.010 -- 23.988
Frequencies: 23.991, 23.972, 23.976, 23.992, 23.982, 23.983, 24.017, 23.995, 23.999, 24.010 -- 23.991
Frequencies: 23.991, 23.972, 23.976, 23.992, 23.982, 23.983, 24.017, 23.970, 23.999, 24.010 -- 23.989
Frequencies: 23.991, 23.972, 23.976, 23.992, 23.982, 23.983, 24.017, 23.970, 23.972, 24.010 -- 23.986
Magnet Detections Per Second: 24
Frequencies: 23.991, 23.972, 23.976, 23.992, 23.982, 23.983, 24.017, 23.970, 23.972, 24.000 -- 23.985
Frequencies: 24.002, 23.972, 23.976, 23.992, 23.982, 23.983, 24.017, 23.970, 23.972, 24.000 -- 23.986
Frequencies: 24.002, 24.009, 23.976, 23.992, 23.982, 23.983, 24.017, 23.970, 23.972, 24.000 -- 23.990
Frequencies: 24.002, 24.009, 23.997, 23.992, 23.982, 23.983, 24.017, 23.970, 23.972, 24.000 -- 23.992
Frequencies: 24.002, 24.009, 23.997, 23.971, 23.982, 23.983, 24.017, 23.970, 23.972, 24.000 -- 23.990
Frequencies: 24.002, 24.009, 23.997, 23.971, 23.993, 23.983, 24.017, 23.970, 23.972, 24.000 -- 23.991
Frequencies: 24.002, 24.009, 23.997, 23.971, 23.993, 23.972, 24.017, 23.970, 23.972, 24.000 -- 23.990
Frequencies: 24.002, 24.009, 23.997, 23.971, 23.993, 23.972, 23.997, 23.970, 23.972, 24.000 -- 23.988
Frequencies: 24.002, 24.009, 23.997, 23.971, 23.993, 23.972, 23.997, 23.991, 23.972, 24.000 -- 23.990
Frequencies: 24.002, 24.009, 23.997, 23.971, 23.993, 23.972, 23.997, 23.991, 23.979, 24.000 -- 23.991
Frequencies: 24.002, 24.009, 23.997, 23.971, 23.993, 23.972, 23.997, 23.991, 23.979, 23.979 -- 23.989
Frequencies: 23.984, 24.009, 23.997, 23.971, 23.993, 23.972, 23.997, 23.991, 23.979, 23.979 -- 23.987
Frequencies: 23.984, 24.001, 23.997, 23.971, 23.993, 23.972, 23.997, 23.991, 23.979, 23.979 -- 23.986
Frequencies: 23.984, 24.001, 23.979, 23.971, 23.993, 23.972, 23.997, 23.991, 23.979, 23.979 -- 23.984
Frequencies: 23.984, 24.001, 23.979, 23.981, 23.993, 23.972, 23.997, 23.991, 23.979, 23.979 -- 23.985
Frequencies: 23.984, 24.001, 23.979, 23.981, 23.965, 23.972, 23.997, 23.991, 23.979, 23.979 -- 23.982
Frequencies: 23.984, 24.001, 23.979, 23.981, 23.965, 23.977, 23.997, 23.991, 23.979, 23.979 -- 23.983
Frequencies: 23.984, 24.001, 23.979, 23.981, 23.965, 23.977, 23.966, 23.991, 23.979, 23.979 -- 23.980
Frequencies: 23.984, 24.001, 23.979, 23.981, 23.965, 23.977, 23.966, 23.970, 23.979, 23.979 -- 23.978
Frequencies: 23.984, 24.001, 23.979, 23.981, 23.965, 23.977, 23.966, 23.970, 24.013, 23.979 -- 23.981
Frequencies: 23.984, 24.001, 23.979, 23.981, 23.965, 23.977, 23.966, 23.970, 24.013, 24.014 -- 23.985
Frequencies: 24.016, 24.001, 23.979, 23.981, 23.965, 23.977, 23.966, 23.970, 24.013, 24.014 -- 23.988
Frequencies: 24.016, 23.953, 23.979, 23.981, 23.965, 23.977, 23.966, 23.970, 24.013, 24.014 -- 23.983
Frequencies: 24.016, 23.953, 23.991, 23.981, 23.965, 23.977, 23.966, 23.970, 24.013, 24.014 -- 23.984
Magnet Detections Per Second: 24
Frequencies: 24.016, 23.953, 23.991, 24.011, 23.965, 23.977, 23.966, 23.970, 24.013, 24.014 -- 23.987
Frequencies: 24.016, 23.953, 23.991, 24.011, 24.021, 23.977, 23.966, 23.970, 24.013, 24.014 -- 23.993
Frequencies: 24.016, 23.953, 23.991, 24.011, 24.021, 23.992, 23.966, 23.970, 24.013, 24.014 -- 23.994
Frequencies: 24.016, 23.953, 23.991, 24.011, 24.021, 23.992, 23.995, 23.970, 24.013, 24.014 -- 23.997
Frequencies: 24.016, 23.953, 23.991, 24.011, 24.021, 23.992, 23.995, 23.962, 24.013, 24.014 -- 23.996
Frequencies: 24.016, 23.953, 23.991, 24.011, 24.021, 23.992, 23.995, 23.962, 23.977, 24.014 -- 23.993
Frequencies: 24.016, 23.953, 23.991, 24.011, 24.021, 23.992, 23.995, 23.962, 23.977, 23.984 -- 23.990
Frequencies: 24.004, 23.953, 23.991, 24.011, 24.021, 23.992, 23.995, 23.962, 23.977, 23.984 -- 23.989
Frequencies: 24.004, 23.991, 23.991, 24.011, 24.021, 23.992, 23.995, 23.962, 23.977, 23.984 -- 23.992
Frequencies: 24.004, 23.991, 23.981, 24.011, 24.021, 23.992, 23.995, 23.962, 23.977, 23.984 -- 23.991
Frequencies: 24.004, 23.991, 23.981, 23.974, 24.021, 23.992, 23.995, 23.962, 23.977, 23.984 -- 23.988
Frequencies: 24.004, 23.991, 23.981, 23.974, 23.984, 23.992, 23.995, 23.962, 23.977, 23.984 -- 23.984
Frequencies: 24.004, 23.991, 23.981, 23.974, 23.984, 24.007, 23.995, 23.962, 23.977, 23.984 -- 23.985
Frequencies: 24.004, 23.991, 23.981, 23.974, 23.984, 24.007, 23.985, 23.962, 23.977, 23.984 -- 23.984
Frequencies: 24.004, 23.991, 23.981, 23.974, 23.984, 24.007, 23.985, 23.985, 23.977, 23.984 -- 23.987
Frequencies: 24.004, 23.991, 23.981, 23.974, 23.984, 24.007, 23.985, 23.985, 23.991, 23.984 -- 23.988
Frequencies: 24.004, 23.991, 23.981, 23.974, 23.984, 24.007, 23.985, 23.985, 23.991, 23.976 -- 23.987
Frequencies: 23.984, 23.991, 23.981, 23.974, 23.984, 24.007, 23.985, 23.985, 23.991, 23.976 -- 23.985
Frequencies: 23.984, 23.999, 23.981, 23.974, 23.984, 24.007, 23.985, 23.985, 23.991, 23.976 -- 23.986
Frequencies: 23.984, 23.999, 24.021, 23.974, 23.984, 24.007, 23.985, 23.985, 23.991, 23.976 -- 23.990
Frequencies: 23.984, 23.999, 24.021, 24.017, 23.984, 24.007, 23.985, 23.985, 23.991, 23.976 -- 23.994
Frequencies: 23.984, 23.999, 24.021, 24.017, 23.992, 24.007, 23.985, 23.985, 23.991, 23.976 -- 23.995
Frequencies: 23.984, 23.999, 24.021, 24.017, 23.992, 23.984, 23.985, 23.985, 23.991, 23.976 -- 23.993
Frequencies: 23.984, 23.999, 24.021, 24.017, 23.992, 23.984, 23.967, 23.985, 23.991, 23.976 -- 23.991
Magnet Detections Per Second: 24
Frequencies: 23.984, 23.999, 24.021, 24.017, 23.992, 23.984, 23.967, 24.016, 23.991, 23.976 -- 23.994
Frequencies: 23.984, 23.999, 24.021, 24.017, 23.992, 23.984, 23.967, 24.016, 24.006, 23.976 -- 23.996
Frequencies: 23.984, 23.999, 24.021, 24.017, 23.992, 23.984, 23.967, 24.016, 24.006, 23.984 -- 23.997
Frequencies: 23.967, 23.999, 24.021, 24.017, 23.992, 23.984, 23.967, 24.016, 24.006, 23.984 -- 23.995
Frequencies: 23.967, 23.949, 24.021, 24.017, 23.992, 23.984, 23.967, 24.016, 24.006, 23.984 -- 23.990
Frequencies: 23.967, 23.949, 24.000, 24.017, 23.992, 23.984, 23.967, 24.016, 24.006, 23.984 -- 23.988
Frequencies: 23.967, 23.949, 24.000, 24.022, 23.992, 23.984, 23.967, 24.016, 24.006, 23.984 -- 23.988
Frequencies: 23.967, 23.949, 24.000, 24.022, 24.033, 23.984, 23.967, 24.016, 24.006, 23.984 -- 23.992
Frequencies: 23.967, 23.949, 24.000, 24.022, 24.033, 23.996, 23.967, 24.016, 24.006, 23.984 -- 23.994
Frequencies: 23.967, 23.949, 24.000, 24.022, 24.033, 23.996, 23.969, 24.016, 24.006, 23.984 -- 23.994
Frequencies: 23.967, 23.949, 24.000, 24.022, 24.033, 23.996, 23.969, 23.946, 24.006, 23.984 -- 23.987
Frequencies: 23.967, 23.949, 24.000, 24.022, 24.033, 23.996, 23.969, 23.946, 24.032, 23.984 -- 23.989
Frequencies: 23.967, 23.949, 24.000, 24.022, 24.033, 23.996, 23.969, 23.946, 24.032, 23.990 -- 23.990
Frequencies: 23.968, 23.949, 24.000, 24.022, 24.033, 23.996, 23.969, 23.946, 24.032, 23.990 -- 23.990
Frequencies: 23.968, 23.917, 24.000, 24.022, 24.033, 23.996, 23.969, 23.946, 24.032, 23.990 -- 23.987
Frequencies: 23.968, 23.917, 23.961, 24.022, 24.033, 23.996, 23.969, 23.946, 24.032, 23.990 -- 23.983
Frequencies: 23.968, 23.917, 23.961, 24.001, 24.033, 23.996, 23.969, 23.946, 24.032, 23.990 -- 23.981
Frequencies: 23.968, 23.917, 23.961, 24.001, 24.006, 23.996, 23.969, 23.946, 24.032, 23.990 -- 23.978
Frequencies: 23.968, 23.917, 23.961, 24.001, 24.006, 23.978, 23.969, 23.946, 24.032, 23.990 -- 23.976
Frequencies: 23.968, 23.917, 23.961, 24.001, 24.006, 23.978, 23.996, 23.946, 24.032, 23.990 -- 23.979
Frequencies: 23.968, 23.917, 23.961, 24.001, 24.006, 23.978, 23.996, 24.004, 24.032, 23.990 -- 23.985
Frequencies: 23.968, 23.917, 23.961, 24.001, 24.006, 23.978, 23.996, 24.004, 24.007, 23.990 -- 23.982
Frequencies: 23.968, 23.917, 23.961, 24.001, 24.006, 23.978, 23.996, 24.004, 24.007, 24.041 -- 23.987
Frequencies: 24.013, 23.917, 23.961, 24.001, 24.006, 23.978, 23.996, 24.004, 24.007, 24.041 -- 23.992
Magnet Detections Per Second: 24
Frequencies: 24.013, 23.996, 23.961, 24.001, 24.006, 23.978, 23.996, 24.004, 24.007, 24.041 -- 24.000
Frequencies: 24.013, 23.996, 23.985, 24.001, 24.006, 23.978, 23.996, 24.004, 24.007, 24.041 -- 24.002
Frequencies: 24.013, 23.996, 23.985, 23.967, 24.006, 23.978, 23.996, 24.004, 24.007, 24.041 -- 23.999
Frequencies: 24.013, 23.996, 23.985, 23.967, 23.969, 23.978, 23.996, 24.004, 24.007, 24.041 -- 23.995
Frequencies: 24.013, 23.996, 23.985, 23.967, 23.969, 23.991, 23.996, 24.004, 24.007, 24.041 -- 23.996
Frequencies: 24.013, 23.996, 23.985, 23.967, 23.969, 23.991, 23.964, 24.004, 24.007, 24.041 -- 23.993
Frequencies: 24.013, 23.996, 23.985, 23.967, 23.969, 23.991, 23.964, 24.013, 24.007, 24.041 -- 23.994
Frequencies: 24.013, 23.996, 23.985, 23.967, 23.969, 23.991, 23.964, 24.013, 23.969, 24.041 -- 23.990
Frequencies: 24.013, 23.996, 23.985, 23.967, 23.969, 23.991, 23.964, 24.013, 23.969, 24.009 -- 23.987
Frequencies: 23.975, 23.996, 23.985, 23.967, 23.969, 23.991, 23.964, 24.013, 23.969, 24.009 -- 23.983
Frequencies: 23.975, 23.963, 23.985, 23.967, 23.969, 23.991, 23.964, 24.013, 23.969, 24.009 -- 23.980
Frequencies: 23.975, 23.963, 23.985, 23.967, 23.969, 23.991, 23.964, 24.013, 23.969, 24.009 -- 23.980
Frequencies: 23.975, 23.963, 23.985, 23.977, 23.969, 23.991, 23.964, 24.013, 23.969, 24.009 -- 23.981
Frequencies: 23.975, 23.963, 23.985, 23.977, 23.965, 23.991, 23.964, 24.013, 23.969, 24.009 -- 23.981
Frequencies: 23.975, 23.963, 23.985, 23.977, 23.965, 23.982, 23.964, 24.013, 23.969, 24.009 -- 23.980
Frequencies: 23.975, 23.963, 23.985, 23.977, 23.965, 23.982, 23.954, 24.013, 23.969, 24.009 -- 23.979
Frequencies: 23.975, 23.963, 23.985, 23.977, 23.965, 23.982, 23.954, 23.984, 23.969, 24.009 -- 23.976
Frequencies: 23.975, 23.963, 23.985, 23.977, 23.965, 23.982, 23.954, 23.984, 24.009, 24.009 -- 23.980
Frequencies: 23.975, 23.963, 23.985, 23.977, 23.965, 23.982, 23.954, 23.984, 24.009, 24.009 -- 23.980
Frequencies: 24.011, 23.963, 23.985, 23.977, 23.965, 23.982, 23.954, 23.984, 24.009, 24.009 -- 23.983
Frequencies: 24.011, 24.003, 23.985, 23.977, 23.965, 23.982, 23.954, 23.984, 24.009, 24.009 -- 23.987
Frequencies: 24.011, 24.003, 23.977, 23.977, 23.965, 23.982, 23.954, 23.984, 24.009, 24.009 -- 23.987
Frequencies: 24.011, 24.003, 23.977, 23.975, 23.965, 23.982, 23.954, 23.984, 24.009, 24.009 -- 23.986
Frequencies: 24.011, 24.003, 23.977, 23.975, 23.987, 23.982, 23.954, 23.984, 24.009, 24.009 -- 23.989
Magnet Detections Per Second: 24
Frequencies: 24.011, 24.003, 23.977, 23.975, 23.987, 24.006, 23.954, 23.984, 24.009, 24.009 -- 23.991
Frequencies: 24.011, 24.003, 23.977, 23.975, 23.987, 24.006, 24.007, 23.984, 24.009, 24.009 -- 23.996
Frequencies: 24.011, 24.003, 23.977, 23.975, 23.987, 24.006, 24.007, 23.980, 24.009, 24.009 -- 23.996
Frequencies: 24.011, 24.003, 23.977, 23.975, 23.987, 24.006, 24.007, 23.980, 23.984, 24.009 -- 23.993
Frequencies: 24.011, 24.003, 23.977, 23.975, 23.987, 24.006, 24.007, 23.980, 23.984, 23.993 -- 23.992
Frequencies: 24.004, 24.003, 23.977, 23.975, 23.987, 24.006, 24.007, 23.980, 23.984, 23.993 -- 23.991
Frequencies: 24.004, 23.991, 23.977, 23.975, 23.987, 24.006, 24.007, 23.980, 23.984, 23.993 -- 23.990
Frequencies: 24.004, 23.991, 23.973, 23.975, 23.987, 24.006, 24.007, 23.980, 23.984, 23.993 -- 23.990
Frequencies: 24.004, 23.991, 23.973, 23.995, 23.987, 24.006, 24.007, 23.980, 23.984, 23.993 -- 23.992
Frequencies: 24.004, 23.991, 23.973, 23.995, 23.965, 24.006, 24.007, 23.980, 23.984, 23.993 -- 23.989
Frequencies: 24.004, 23.991, 23.973, 23.995, 23.965, 24.003, 24.007, 23.980, 23.984, 23.993 -- 23.989
Frequencies: 24.004, 23.991, 23.973, 23.995, 23.965, 24.003, 24.003, 23.980, 23.984, 23.993 -- 23.989
Frequencies: 24.004, 23.991, 23.973, 23.995, 23.965, 24.003, 24.003, 23.997, 23.984, 23.993 -- 23.990
Frequencies: 24.004, 23.991, 23.973, 23.995, 23.965, 24.003, 24.003, 23.997, 23.999, 23.993 -- 23.992
Frequencies: 24.004, 23.991, 23.973, 23.995, 23.965, 24.003, 24.003, 23.997, 23.999, 23.964 -- 23.989
Frequencies: 23.973, 23.991, 23.973, 23.995, 23.965, 24.003, 24.003, 23.997, 23.999, 23.964 -- 23.986
Frequencies: 23.973, 23.980, 23.973, 23.995, 23.965, 24.003, 24.003, 23.997, 23.999, 23.964 -- 23.985
Frequencies: 23.973, 23.980, 23.993, 23.995, 23.965, 24.003, 24.003, 23.997, 23.999, 23.964 -- 23.987
Frequencies: 23.973, 23.980, 23.993, 24.033, 23.965, 24.003, 24.003, 23.997, 23.999, 23.964 -- 23.991
Frequencies: 23.973, 23.980, 23.993, 24.033, 24.012, 24.003, 24.003, 23.997, 23.999, 23.964 -- 23.995
Frequencies: 23.973, 23.980, 23.993, 24.033, 24.012, 23.997, 24.003, 23.997, 23.999, 23.964 -- 23.995
Frequencies: 23.973, 23.980, 23.993, 24.033, 24.012, 23.997, 23.972, 23.997, 23.999, 23.964 -- 23.992
Frequencies: 23.973, 23.980, 23.993, 24.033, 24.012, 23.997, 23.972, 23.994, 23.999, 23.964 -- 23.991
Frequencies: 23.973, 23.980, 23.993, 24.033, 24.012, 23.997, 23.972, 23.994, 23.968, 23.964 -- 23.988
Magnet Detections Per Second: 24
Frequencies: 23.973, 23.980, 23.993, 24.033, 24.012, 23.997, 23.972, 23.994, 23.968, 24.004 -- 23.992
Frequencies: 23.988, 23.980, 23.993, 24.033, 24.012, 23.997, 23.972, 23.994, 23.968, 24.004 -- 23.994
Frequencies: 23.988, 24.001, 23.993, 24.033, 24.012, 23.997, 23.972, 23.994, 23.968, 24.004 -- 23.996
Frequencies: 23.988, 24.001, 24.025, 24.033, 24.012, 23.997, 23.972, 23.994, 23.968, 24.004 -- 23.999
Frequencies: 23.988, 24.001, 24.025, 24.050, 24.012, 23.997, 23.972, 23.994, 23.968, 24.004 -- 24.001
Frequencies: 23.988, 24.001, 24.025, 24.050, 23.970, 23.997, 23.972, 23.994, 23.968, 24.004 -- 23.996
Frequencies: 23.988, 24.001, 24.025, 24.050, 23.970, 24.005, 23.972, 23.994, 23.968, 24.004 -- 23.997
Frequencies: 23.988, 24.001, 24.025, 24.050, 23.970, 24.005, 24.009, 23.994, 23.968, 24.004 -- 24.001
Frequencies: 23.988, 24.001, 24.025, 24.050, 23.970, 24.005, 24.009, 23.980, 23.968, 24.004 -- 24.000
Frequencies: 23.988, 24.001, 24.025, 24.050, 23.970, 24.005, 24.009, 23.980, 23.987, 24.004 -- 24.001
Frequencies: 23.988, 24.001, 24.025, 24.050, 23.970, 24.005, 24.009, 23.980, 23.987, 23.952 -- 23.996
Frequencies: 23.981, 24.001, 24.025, 24.050, 23.970, 24.005, 24.009, 23.980, 23.987, 23.952 -- 23.996
Frequencies: 23.981, 23.994, 24.025, 24.050, 23.970, 24.005, 24.009, 23.980, 23.987, 23.952 -- 23.995
Frequencies: 23.981, 23.994, 24.024, 24.050, 23.970, 24.005, 24.009, 23.980, 23.987, 23.952 -- 23.995
Frequencies: 23.981, 23.994, 24.024, 23.986, 23.970, 24.005, 24.009, 23.980, 23.987, 23.952 -- 23.988
Frequencies: 23.981, 23.994, 24.024, 23.986, 23.998, 24.005, 24.009, 23.980, 23.987, 23.952 -- 23.991
Frequencies: 23.981, 23.994, 24.024, 23.986, 23.998, 23.981, 24.009, 23.980, 23.987, 23.952 -- 23.989
Frequencies: 23.981, 23.994, 24.024, 23.986, 23.998, 23.981, 24.024, 23.980, 23.987, 23.952 -- 23.990
Frequencies: 23.981, 23.994, 24.024, 23.986, 23.998, 23.981, 24.024, 24.015, 23.987, 23.952 -- 23.994
Frequencies: 23.981, 23.994, 24.024, 23.986, 23.998, 23.981, 24.024, 24.015, 24.003, 23.952 -- 23.995
Frequencies: 23.981, 23.994, 24.024, 23.986, 23.998, 23.981, 24.024, 24.015, 24.003, 23.944 -- 23.995
Frequencies: 23.980, 23.994, 24.024, 23.986, 23.998, 23.981, 24.024, 24.015, 24.003, 23.944 -- 23.994
Frequencies: 23.980, 24.016, 24.024, 23.986, 23.998, 23.981, 24.024, 24.015, 24.003, 23.944 -- 23.997
Frequencies: 23.980, 24.016, 23.969, 23.986, 23.998, 23.981, 24.024, 24.015, 24.003, 23.944 -- 23.991
Magnet Detections Per Second: 24
Frequencies: 23.980, 24.016, 23.969, 24.025, 23.998, 23.981, 24.024, 24.015, 24.003, 23.944 -- 23.995
Frequencies: 23.980, 24.016, 23.969, 24.025, 24.010, 23.981, 24.024, 24.015, 24.003, 23.944 -- 23.996
Frequencies: 23.980, 24.016, 23.969, 24.025, 24.010, 24.008, 24.024, 24.015, 24.003, 23.944 -- 23.999
Frequencies: 23.980, 24.016, 23.969, 24.025, 24.010, 24.008, 23.981, 24.015, 24.003, 23.944 -- 23.995
Frequencies: 23.980, 24.016, 23.969, 24.025, 24.010, 24.008, 23.981, 23.999, 24.003, 23.944 -- 23.993
Frequencies: 23.980, 24.016, 23.969, 24.025, 24.010, 24.008, 23.981, 23.999, 23.972, 23.944 -- 23.990
Frequencies: 23.980, 24.016, 23.969, 24.025, 24.010, 24.008, 23.981, 23.999, 23.972, 23.996 -- 23.995
Frequencies: 23.975, 24.016, 23.969, 24.025, 24.010, 24.008, 23.981, 23.999, 23.972, 23.996 -- 23.995
Frequencies: 23.975, 23.992, 23.969, 24.025, 24.010, 24.008, 23.981, 23.999, 23.972, 23.996 -- 23.992
Frequencies: 23.975, 23.992, 23.999, 24.025, 24.010, 24.008, 23.981, 23.999, 23.972, 23.996 -- 23.995
Frequencies: 23.975, 23.992, 23.999, 23.990, 24.010, 24.008, 23.981, 23.999, 23.972, 23.996 -- 23.992
Frequencies: 23.975, 23.992, 23.999, 23.990, 24.017, 24.008, 23.981, 23.999, 23.972, 23.996 -- 23.992
Frequencies: 23.975, 23.992, 23.999, 23.990, 24.017, 24.029, 23.981, 23.999, 23.972, 23.996 -- 23.995
Frequencies: 23.975, 23.992, 23.999, 23.990, 24.017, 24.029, 23.964, 23.999, 23.972, 23.996 -- 23.993
Frequencies: 23.975, 23.992, 23.999, 23.990, 24.017, 24.029, 23.964, 23.956, 23.972, 23.996 -- 23.989
Frequencies: 23.975, 23.992, 23.999, 23.990, 24.017, 24.029, 23.964, 23.956, 23.987, 23.996 -- 23.990
Frequencies: 23.975, 23.992, 23.999, 23.990, 24.017, 24.029, 23.964, 23.956, 23.987, 24.003 -- 23.991
Frequencies: 24.058, 23.992, 23.999, 23.990, 24.017, 24.029, 23.964, 23.956, 23.987, 24.003 -- 23.999
Frequencies: 24.058, 24.003, 23.999, 23.990, 24.017, 24.029, 23.964, 23.956, 23.987, 24.003 -- 24.000
Frequencies: 24.058, 24.003, 23.996, 23.990, 24.017, 24.029, 23.964, 23.956, 23.987, 24.003 -- 24.000
Frequencies: 24.058, 24.003, 23.996, 23.991, 24.017, 24.029, 23.964, 23.956, 23.987, 24.003 -- 24.000
Frequencies: 24.058, 24.003, 23.996, 23.991, 23.984, 24.029, 23.964, 23.956, 23.987, 24.003 -- 23.997
Frequencies: 24.058, 24.003, 23.996, 23.991, 23.984, 23.973, 23.964, 23.956, 23.987, 24.003 -- 23.991
Frequencies: 24.058, 24.003, 23.996, 23.991, 23.984, 23.973, 23.991, 23.956, 23.987, 24.003 -- 23.994
Magnet Detections Per Second: 24
Frequencies: 24.058, 24.003, 23.996, 23.991, 23.984, 23.973, 23.991, 24.002, 23.987, 24.003 -- 23.998
Frequencies: 24.058, 24.003, 23.996, 23.991, 23.984, 23.973, 23.991, 24.002, 23.987, 24.003 -- 23.998
Frequencies: 24.058, 24.003, 23.996, 23.991, 23.984, 23.973, 23.991, 24.002, 23.987, 24.020 -- 24.000
Frequencies: 24.019, 24.003, 23.996, 23.991, 23.984, 23.973, 23.991, 24.002, 23.987, 24.020 -- 23.996
Frequencies: 24.019, 23.956, 23.996, 23.991, 23.984, 23.973, 23.991, 24.002, 23.987, 24.020 -- 23.991
Frequencies: 24.019, 23.956, 24.009, 23.991, 23.984, 23.973, 23.991, 24.002, 23.987, 24.020 -- 23.993
Frequencies: 24.019, 23.956, 24.009, 23.975, 23.984, 23.973, 23.991, 24.002, 23.987, 24.020 -- 23.991
Frequencies: 24.019, 23.956, 24.009, 23.975, 23.986, 23.973, 23.991, 24.002, 23.987, 24.020 -- 23.991
Frequencies: 24.019, 23.956, 24.009, 23.975, 23.986, 23.984, 23.991, 24.002, 23.987, 24.020 -- 23.992
Frequencies: 24.019, 23.956, 24.009, 23.975, 23.986, 23.984, 24.004, 24.002, 23.987, 24.020 -- 23.994
Frequencies: 24.019, 23.956, 24.009, 23.975, 23.986, 23.984, 24.004, 24.036, 23.987, 24.020 -- 23.997
Frequencies: 24.019, 23.956, 24.009, 23.975, 23.986, 23.984, 24.004, 24.036, 24.011, 24.020 -- 24.000
Frequencies: 24.019, 23.956, 24.009, 23.975, 23.986, 23.984, 24.004, 24.036, 24.011, 23.981 -- 23.996
Frequencies: 24.004, 23.956, 24.009, 23.975, 23.986, 23.984, 24.004, 24.036, 24.011, 23.981 -- 23.994
Frequencies: 24.004, 24.001, 24.009, 23.975, 23.986, 23.984, 24.004, 24.036, 24.011, 23.981 -- 23.999
Frequencies: 24.004, 24.001, 24.037, 23.975, 23.986, 23.984, 24.004, 24.036, 24.011, 23.981 -- 24.001
Frequencies: 24.004, 24.001, 24.037, 23.972, 23.986, 23.984, 24.004, 24.036, 24.011, 23.981 -- 24.001
Frequencies: 24.004, 24.001, 24.037, 23.972, 24.003, 23.984, 24.004, 24.036, 24.011, 23.981 -- 24.003
Frequencies: 24.004, 24.001, 24.037, 23.972, 24.003, 24.002, 24.004, 24.036, 24.011, 23.981 -- 24.005
Frequencies: 24.004, 24.001, 24.037, 23.972, 24.003, 24.002, 23.988, 24.036, 24.011, 23.981 -- 24.003
Frequencies: 24.004, 24.001, 24.037, 23.972, 24.003, 24.002, 23.988, 23.978, 24.011, 23.981 -- 23.997
Frequencies: 24.004, 24.001, 24.037, 23.972, 24.003, 24.002, 23.988, 23.978, 23.986, 23.981 -- 23.995
Frequencies: 24.004, 24.001, 24.037, 23.972, 24.003, 24.002, 23.988, 23.978, 23.986, 23.988 -- 23.995
Frequencies: 24.006, 24.001, 24.037, 23.972, 24.003, 24.002, 23.988, 23.978, 23.986, 23.988 -- 23.996
Magnet Detections Per Second: 24
Frequencies: 24.006, 24.007, 24.037, 23.972, 24.003, 24.002, 23.988, 23.978, 23.986, 23.988 -- 23.996
Frequencies: 24.006, 24.007, 23.988, 23.972, 24.003, 24.002, 23.988, 23.978, 23.986, 23.988 -- 23.991
Frequencies: 24.006, 24.007, 23.988, 24.007, 24.003, 24.002, 23.988, 23.978, 23.986, 23.988 -- 23.995
Frequencies: 24.006, 24.007, 23.988, 24.007, 23.993, 24.002, 23.988, 23.978, 23.986, 23.988 -- 23.994
Frequencies: 24.006, 24.007, 23.988, 24.007, 23.993, 23.973, 23.988, 23.978, 23.986, 23.988 -- 23.991
Frequencies: 24.006, 24.007, 23.988, 24.007, 23.993, 23.973, 24.009, 23.978, 23.986, 23.988 -- 23.993
Frequencies: 24.006, 24.007, 23.988, 24.007, 23.993, 23.973, 24.009, 24.007, 23.986, 23.988 -- 23.996
Frequencies: 24.006, 24.007, 23.988, 24.007, 23.993, 23.973, 24.009, 24.007, 24.003, 23.988 -- 23.998
Frequencies: 24.006, 24.007, 23.988, 24.007, 23.993, 23.973, 24.009, 24.007, 24.003, 24.002 -- 23.999
Frequencies: 23.992, 24.007, 23.988, 24.007, 23.993, 23.973, 24.009, 24.007, 24.003, 24.002 -- 23.998
Frequencies: 23.992, 23.982, 23.988, 24.007, 23.993, 23.973, 24.009, 24.007, 24.003, 24.002 -- 23.995
Frequencies: 23.992, 23.982, 24.002, 24.007, 23.993, 23.973, 24.009, 24.007, 24.003, 24.002 -- 23.997
Frequencies: 23.992, 23.982, 24.002, 23.999, 23.993, 23.973, 24.009, 24.007, 24.003, 24.002 -- 23.996
Frequencies: 23.992, 23.982, 24.002, 23.999, 24.003, 23.973, 24.009, 24.007, 24.003, 24.002 -- 23.997
Frequencies: 23.992, 23.982, 24.002, 23.999, 24.003, 23.987, 24.009, 24.007, 24.003, 24.002 -- 23.998
Frequencies: 23.992, 23.982, 24.002, 23.999, 24.003, 23.987, 24.003, 24.007, 24.003, 24.002 -- 23.998
Frequencies: 23.992, 23.982, 24.002, 23.999, 24.003, 23.987, 24.003, 24.003, 24.003, 24.002 -- 23.997
Frequencies: 23.992, 23.982, 24.002, 23.999, 24.003, 23.987, 24.003, 24.003, 23.989, 24.002 -- 23.996
Frequencies: 23.992, 23.982, 24.002, 23.999, 24.003, 23.987, 24.003, 24.003, 23.989, 23.994 -- 23.995
Frequencies: 23.972, 23.982, 24.002, 23.999, 24.003, 23.987, 24.003, 24.003, 23.989, 23.994 -- 23.993
Frequencies: 23.972, 23.995, 24.002, 23.999, 24.003, 23.987, 24.003, 24.003, 23.989, 23.994 -- 23.994
Frequencies: 23.972, 23.995, 23.983, 23.999, 24.003, 23.987, 24.003, 24.003, 23.989, 23.994 -- 23.992
Frequencies: 23.972, 23.995, 23.983, 24.014, 24.003, 23.987, 24.003, 24.003, 23.989, 23.994 -- 23.994
Frequencies: 23.972, 23.995, 23.983, 24.014, 24.000, 23.987, 24.003, 24.003, 23.989, 23.994 -- 23.994
Magnet Detections Per Second: 24
Frequencies: 23.972, 23.995, 23.983, 24.014, 24.000, 23.995, 24.003, 24.003, 23.989, 23.994 -- 23.994
Frequencies: 23.972, 23.995, 23.983, 24.014, 24.000, 23.995, 23.990, 24.003, 23.989, 23.994 -- 23.993
Frequencies: 23.972, 23.995, 23.983, 24.014, 24.000, 23.995, 23.990, 23.972, 23.989, 23.994 -- 23.990
Frequencies: 23.972, 23.995, 23.983, 24.014, 24.000, 23.995, 23.990, 23.972, 23.972, 23.994 -- 23.988
Frequencies: 23.972, 23.995, 23.983, 24.014, 24.000, 23.995, 23.990, 23.972, 23.972, 24.020 -- 23.991
Frequencies: 24.021, 23.995, 23.983, 24.014, 24.000, 23.995, 23.990, 23.972, 23.972, 24.020 -- 23.996
Frequencies: 24.021, 24.052, 23.983, 24.014, 24.000, 23.995, 23.990, 23.972, 23.972, 24.020 -- 24.001
Frequencies: 24.021, 24.052, 24.004, 24.014, 24.000, 23.995, 23.990, 23.972, 23.972, 24.020 -- 24.004
Frequencies: 24.021, 24.052, 24.004, 23.949, 24.000, 23.995, 23.990, 23.972, 23.972, 24.020 -- 23.997
Frequencies: 24.021, 24.052, 24.004, 23.949, 23.973, 23.995, 23.990, 23.972, 23.972, 24.020 -- 23.994
Frequencies: 24.021, 24.052, 24.004, 23.949, 23.973, 24.013, 23.990, 23.972, 23.972, 24.020 -- 23.996
Frequencies: 24.021, 24.052, 24.004, 23.949, 23.973, 24.013, 24.023, 23.972, 23.972, 24.020 -- 29
Frequencies: 24.021, 24.052, 24.004, 23.949, 23.973, 24.013, 24.023, 24.002, 23.972, 24.020 -- 24.002
Frequencies: 24.021, 24.052, 24.004, 23.949, 23.973, 24.013, 24.023, 24.002, 23.977, 24.020 -- 24.003
Frequencies: 24.021, 24.052, 24.004, 23.949, 23.973, 24.013, 24.023, 24.002, 23.977, 24.015 -- 24.002
Frequencies: 24.005, 24.052, 24.004, 23.949, 23.973, 24.013, 24.023, 24.002, 23.977, 24.015 -- 24.001
Frequencies: 24.005, 24.004, 24.004, 23.949, 23.973, 24.013, 24.023, 24.002, 23.977, 24.015 -- 23.996
Frequencies: 24.005, 24.004, 24.010, 23.949, 23.973, 24.013, 24.023, 24.002, 23.977, 24.015 -- 23.997
Frequencies: 24.005, 24.004, 24.010, 24.014, 23.973, 24.013, 24.023, 24.002, 23.977, 24.015 -- 24.003
Frequencies: 24.005, 24.004, 24.010, 24.014, 23.996, 24.013, 24.023, 24.002, 23.977, 24.015 -- 24.005
Frequencies: 24.005, 24.004, 24.010, 24.014, 23.996, 24.002, 24.023, 24.002, 23.977, 24.015 -- 24.004
Frequencies: 24.005, 24.004, 24.010, 24.014, 23.996, 24.002, 24.000, 24.002, 23.977, 24.015 -- 24.002
Frequencies: 24.005, 24.004, 24.010, 24.014, 23.996, 24.002, 24.000, 24.009, 23.977, 24.015 -- 24.003
Frequencies: 24.005, 24.004, 24.010, 24.014, 23.996, 24.002, 24.000, 24.009, 23.982, 24.015 -- 24.003
Magnet Detections Per Second: 24
Frequencies: 24.005, 24.004, 24.010, 24.014, 23.996, 24.002, 24.000, 24.009, 23.982, 23.987 -- 24.000
Frequencies: 23.920, 24.004, 24.010, 24.014, 23.996, 24.002, 24.000, 24.009, 23.982, 23.987 -- 23.992
Frequencies: 23.920, 23.963, 24.010, 24.014, 23.996, 24.002, 24.000, 24.009, 23.982, 23.987 -- 23.988
Frequencies: 23.920, 23.963, 24.044, 24.014, 23.996, 24.002, 24.000, 24.009, 23.982, 23.987 -- 23.991
Frequencies: 23.920, 23.963, 24.044, 24.027, 23.996, 24.002, 24.000, 24.009, 23.982, 23.987 -- 23.993
Frequencies: 23.920, 23.963, 24.044, 24.027, 24.026, 24.002, 24.000, 24.009, 23.982, 23.987 -- 23.996
Frequencies: 23.920, 23.963, 24.044, 24.027, 24.026, 23.997, 24.000, 24.009, 23.982, 23.987 -- 23.995
Frequencies: 23.920, 23.963, 24.044, 24.027, 24.026, 23.997, 24.006, 24.009, 23.982, 23.987 -- 23.996
Frequencies: 23.920, 23.963, 24.044, 24.027, 24.026, 23.997, 24.006, 24.029, 23.982, 23.987 -- 23.998
Frequencies: 23.920, 23.963, 24.044, 24.027, 24.026, 23.997, 24.006, 24.029, 24.013, 23.987 -- 24.001
Frequencies: 23.920, 23.963, 24.044, 24.027, 24.026, 23.997, 24.006, 24.029, 24.013, 24.006 -- 24.003
Frequencies: 24.008, 23.963, 24.044, 24.027, 24.026, 23.997, 24.006, 24.029, 24.013, 24.006 -- 24.011
Frequencies: 24.008, 23.999, 24.044, 24.027, 24.026, 23.997, 24.006, 24.029, 24.013, 24.006 -- 24.015
Frequencies: 24.008, 23.999, 23.954, 24.027, 24.026, 23.997, 24.006, 24.029, 24.013, 24.006 -- 24.006
Frequencies: 24.008, 23.999, 23.954, 23.982, 24.026, 23.997, 24.006, 24.029, 24.013, 24.006 -- 24.002
Frequencies: 24.008, 23.999, 23.954, 23.982, 24.037, 23.997, 24.006, 24.029, 24.013, 24.006 -- 24.003
Frequencies: 24.008, 23.999, 23.954, 23.982, 24.037, 23.977, 24.006, 24.029, 24.013, 24.006 -- 24.001
Frequencies: 24.008, 23.999, 23.954, 23.982, 24.037, 23.977, 24.029, 24.029, 24.013, 24.006 -- 24.003
Frequencies: 24.008, 23.999, 23.954, 23.982, 24.037, 23.977, 24.029, 24.018, 24.013, 24.006 -- 24.002
Frequencies: 24.008, 23.999, 23.954, 23.982, 24.037, 23.977, 24.029, 24.018, 24.009, 24.006 -- 24.001
Frequencies: 24.008, 23.999, 23.954, 23.982, 24.037, 23.977, 24.029, 24.018, 24.009, 24.011 -- 24.002
Frequencies: 24.001, 23.999, 23.954, 23.982, 24.037, 23.977, 24.029, 24.018, 24.009, 24.011 -- 24.001
Frequencies: 24.001, 23.992, 23.954, 23.982, 24.037, 23.977, 24.029, 24.018, 24.009, 24.011 -- 24.001
Frequencies: 24.001, 23.992, 24.007, 23.982, 24.037, 23.977, 24.029, 24.018, 24.009, 24.011 -- 24.006
Magnet Detections Per Second: 24
Frequencies: 24.001, 23.992, 24.007, 23.911, 24.037, 23.977, 24.029, 24.018, 24.009, 24.011 -- 23.999
Frequencies: 24.001, 23.992, 24.007, 23.911, 23.719, 23.977, 24.029, 24.018, 24.009, 24.011 -- 23.967